100
19 83 55 67 59 25 48 32 1 85 20 8 13 77 10 14 65 89 56 64 9 88 4 45 30 23 80 7 24 60 0 49 75 52 5 93 6 76 54 92 69 41 18 28 34 84 29 47 22 15 63 90 81 62 46 26 37 3 73 27 96 87 43 17 71 82 72 31 79 21 91 33 35 57 98 16 36 12 68 97 11 2 61 58 95 70 42 66 94 40 53 39 74 50 38 78 86 44 99 51
2 78 81 94 55 18 16 13 52 97 45 83 9 95 41 35 8 68 76 99 22 89 79 47 59 77 73 61 11 75 84 12 64 4 69 43 62 46 91 54 26 17 70 40 50 30 7 15 3 93 74 48 65 86 27 56 85 44 96 10 88 25 71 19 1 98 24 49 42 33 20 57 29 82 67 58 51 6 53 34 14 60 72 87 5 90 23 37 63 0 36 28 31 92 32 80 39 38 21 66
96 77 99 58 89 63 78 64 13 72 27 92 52 95 3 86 71 20 91 23 31 21 67 97 11 76 16 28 30 56 6 40 83 39 47 55 66 60 98 74 69 2 32 84 49 81 9 73 85 12 18 15 80 88 17 75 54 4 35 50 14 70 48 22 41 7 79 8 33 19 1 45 94 51 34 29 53 26 5 0 43 57 87 44 38 37 62 65 90 36 68 46 25 61 59 24 42 93 10 82
90 56 27 39 78 33 0 26 99 74 8 70 5 92 29 61 48 11 52 75 46 77 66 97 80 83 41 68 54 14 82 81 28 44 38 98 86 34 16 94 35 89 40 50 95 62 30 1 51 91 3 36 53 63 19 17 43 4 69 12 57 47 58 96 31 20 9 49 45 60 24 76 79 93 32 37 85 6 72 15 21 87 18 84 22 10 59 25 71 7 73 23 88 64 65 13 55 67 42 2
12 38 98 26 77 29 22 81 15 51 28 88 7 43 32 58 34 78 19 66 74 35 46 49 40 94 36 0 50 9 65 62 11 71 92 21 2 86 8 55 99 76 41 56 84 70 24 75 1 3 73 48 82 4 59 85 61 18 72 39 95 57 54 68 13 14 5 47 52 97 64 17 33 45 60 31 67 87 42 23 96 25 89 20 93 44 79 69 83 80 6 27 53 90 37 63 91 10 30 16
26 75 19 40 76 0 5 82 71 62 31 98 87 96 52 51 38 25 14 84 94 8 73 67 18 88 28 21 22 44 66 81 39 59 36 9 46 83 69 43 4 86 54 15 50 20 33 35 92 95 93 42 23 17 85 72 13 56 70 79 2 6 3 30 78 34 1 12 7 64 57 61 32 60 47 24 45 80 49 99 53 11 55 68 77 65 58 16 90 91 97 74 48 89 27 29 41 37 63 10
64 60 79 93 98 39 10 40 26 54 77 67 4 95 7 63 97 87 53 15 29 48 59 74 85 11 36 0 76 9 20 43 70 52 96 62 17 6 35 46 32 38 61 71 2 94 16 30 18 33 80 91 34 88 27 5 66 68 42 47 50 84 99 14 92 49 81 1 89 90 31 25 83 22 72 69 8 41 56 82 3 12 44 24 73 57 37 58 28 75 21 51 19 55 65 86 23 78 13 45
36 5 75 32 30 31 27 52 18 9 39 77 82 70 90 19 38 68 54 15 42 97 45 66 20 2 8 79 40 23 99 63 98 7 78 60 26 87 22 0 67 76 95 57 28 88 47 12 56 44 50 61 11 84 10 58 17 29 86 64 46 69 85 55 33 21 59 35 62 48 37 80 93 94 49 71 24 41 74 89 72 14 92 34 53 1 16 25 13 81 51 91 4 65 96 3 43 83 73 6
32 22 78 98 6 41 5 95 47 85 60 38 92 39 28 48 71 8 67 80 46 3 21 87 93 9 13 43 99 36 66 70 72 18 17 53 7 50 89 25 27 34 91 90 86 33 74 69 84 82 83 29 55 79 88 49 14 31 94 76 68 10 52 20 58 96 45 61 56 77 44 75 24 2 19 1 54 59 11 65 73 0 97 12 37 42 15 35 63 64 51 40 16 57 62 26 81 30 4 23
67 32 71 8 80 86 42 23 28 18 25 99 26 57 82 65 77 55 78 83 81 38 1 59 2 98 15 87 62 16 89 74 47 88 14 54 48 72 37 12 84 95 27 63 13 68 46 92 70 51 90 22 49 5 69 10 50 34 20 64 9 75 66 39 94 3 76 79 11 91 31 44 17 58 21 61 53 36 7 93 97 96 19 0 56 73 52 40 85 45 33 4 24 60 43 30 41 35 29 6
87 84 91 95 77 30 11 5 45 60 49 36 14 44 85 68 18 43 51 35 93 58 48 16 54 73 80 94 96 21 88 55 41 46 27 86 12 20 63 19 61 3 99 10 81 72 97 56 82 67 66 33 34 65 4 8 2 70 71 25 47 23 57 9 17 7 24 83 15 6 53 64 74 28 92 79 32 52 26 62 59 39 22 0 13 40 90 29 98 78 38 31 75 89 76 50 1 69 42 37
73 12 26 59 43 32 20 98 42 49 88 30 4 57 48 6 83 70 79 78 52 71 81 46 36 51 90 84 56 9 53 15 34 60 25 75 64 44 91 76 80 21 85 63 2 58 27 14 50 86 61 18 1 38 66 5 94 69 47 28 16 92 23 97 95 37 99 40 19 3 10 72 96 62 68 31 8 33 29 11 0 24 74 87 39 45 89 82 77 93 22 13 67 35 65 55 17 54 7 41
53 50 15 54 5 98 73 88 64 45 89 84 1 92 44 61 57 51 93 37 80 90 14 74 99 40 41 67 17 8 18 7 26 95 20 55 52 77 3 25 33 23 10 16 31 82 42 27 91 13 21 60 12 30 34 24 56 43 65 76 39 86 6 63 9 19 75 11 48 4 62 29 85 87 68 78 79 72 58 47 0 36 71 28 35 81 69 46 2 96 66 70 32 94 38 59 22 97 49 83
1 30 49 67 16 27 65 82 97 29 51 73 18 28 36 59 98 91 64 75 79 19 71 20 45 14 63 34 76 13 41 21 72 17 0 62 52 10 77 5 3 87 44 61 4 74 69 68 56 7 26 55 99 22 86 37 46 53 58 78 31 32 23 80 84 47 9 88 40 85 60 92 42 11 57 50 54 39 66 38 43 81 95 94 25 12 83 89 24 96 90 33 8 6 70 15 2 48 93 35
85 99 20 3 95 56 70 88 18 94 98 45 6 74 5 23 9 60 11 50 0 1 83 35 28 61 13 77 68 78 38 12 87 75 93 71 22 32 92 76 67 51 52 25 36 90 66 86 7 81 91 26 27 69 21 2 54 96 31 37 64 29 10 89 41 49 57 47 43 4 73 19 82 63 34 30 97 59 48 62 44 84 46 65 16 53 15 33 80 58 24 42 79 40 72 39 55 14 8 17
83 23 30 54 17 44 65 55 0 10 48 59 43 22 73 98 89 51 70 26 80 96 63 14 24 72 88 3 13 85 99 1 66 33 12 78 61 6 57 45 90 21 74 7 34 97 28 81 31 69 49 39 47 8 95 18 5 42 93 41 77 76 53 68 56 84 15 79 40 38 58 35 19 87 4 37 92 67 11 2 29 9 91 75 27 46 32 94 52 60 16 71 25 36 62 64 20 50 82 86
63 74 79 7 27 81 88 41 6 59 80 17 18 5 68 91 76 60 92 45 0 86 61 97 66 33 22 83 73 65 1 2 78 87 89 26 4 34 67 53 82 77 64 84 48 19 16 49 11 9 56 35 58 21 44 70 72 30 69 47 94 38 55 20 42 57 75 12 3 50 98 15 85 71 51 28 32 90 14 8 43 54 40 62 99 29 93 24 46 10 25 23 31 52 13 36 96 95 37 39
96 38 87 16 44 68 90 26 13 53 79 56 84 93 97 82 49 12 31 41 62 37 83 67 4 99 69 23 28 77 29 46 81 86 72 35 7 1 47 88 74 17 36 27 19 70 14 25 85 5 64 24 45 34 20 48 78 8 89 66 6 18 76 52 63 80 75 92 73 55 60 57 33 32 98 15 58 40 91 54 22 2 3 10 21 42 94 59 0 11 51 9 39 30 65 61 95 71 50 43
52 39 5 98 3 81 0 82 20 70 96 27 47 40 71 76 75 79 19 58 21 73 66 49 1 55 63 6 30 56 91 22 2 18 89 46 67 43 45 42 7 11 23 99 68 44 14 64 13 85 34 86 24 80 59 38 95 92 74 61 29 41 54 12 17 15 51 78 35 25 48 87 97 16 72 57 84 94 88 65 26 77 4 36 83 69 10 60 31 93 90 8 28 62 9 32 37 53 33 50
12 32 43 58 98 82 74 11 41 28 89 86 66 73 36 95 35 24 72 84 65 97 90 46 60 61 29 42 70 67 13 64 9 50 4 62 14 33 30 75 59 1 93 19 45 47 31 6 52 55 94 3 53 63 23 83 88 68 78 54 25 49 2 8 15 7 16 69 91 80 26 18 71 57 85 92 37 48 22 27 38 44 5 87 79 20 21 99 77 96 81 17 40 56 0 34 76 10 51 39
87 48 38 15 34 90 66 16 91 45 63 55 0 11 86 42 64 27 96 80 20 74 56 73 97 43 92 37 1 39 23 70 58 5 62 10 44 12 13 79 9 69 8 68 98 72 78 53 2 21 76 93 89 60 6 51 83 17 61 26 82 22 18 33 50 19 30 49 57 14 40 81 28 67 94 88 41 36 84 95 54 99 77 52 35 3 71 75 25 32 46 85 24 7 29 4 31 65 47 59
30 31 17 46 39 4 40 49 75 92 18 61 42 73 33 66 77 81 52 8 36 71 57 90 35 59 21 34 69 14 85 20 63 48 82 47 64 54 12 91 96 28 6 15 94 23 43 11 72 24 95 58 60 9 22 79 27 16 83 51 2 88 80 74 84 26 13 0 19 37 62 93 38 78 32 3 7 87 99 97 98 45 25 68 1 53 50 76 41 86 44 56 70 55 89 29 10 65 67 5
78 24 31 62 60 54 52 33 63 91 40 2 3 79 15 51 94 5 55 76 28 73 32 46 85 39 26 93 81 99 95 16 17 83 56 14 72 20 11 82 1 41 80 58 66 8 50 42 49 12 25 29 43 35 30 13 6 27 23 86 53 90 87 48 7 64 22 21 65 71 77 61 88 68 57 44 10 97 47 19 98 4 70 92 96 75 74 69 89 0 67 84 18 59 9 37 45 38 36 34
4 76 23 61 27 83 48 71 89 14 35 74 17 12 99 42 68 26 96 67 22 16 32 40 50 77 62 49 98 8 28 81 13 82 33 34 57 11 78 0 60 44 70 20 94 58 39 91 3 41 72 97 95 51 10 87 29 84 80 21 59 36 9 54 66 15 47 45 63 64 53 93 56 38 92 73 52 69 1 65 30 25 86 43 24 5 2 6 37 19 75 88 18 55 46 85 31 79 90 7
10 13 30 3 21 35 27 37 16 8 47 5 29 71 15 81 26 57 33 86 20 84 4 19 67 34 28 51 62 78 17 0 87 53 95 18 36 23 73 2 93 80 12 64 41 72 50 31 63 32 40 94 91 39 69 55 25 49 98 66 58 44 90 22 7 82 24 96 45 56 89 11 85 75 46 52 54 42 65 74 43 92 59 9 38 70 61 48 60 97 77 14 1 68 83 76 6 88 79 99
80 44 73 30 82 72 71 0 68 88 54 87 2 40 79 4 48 98 89 19 6 91 58 65 26 95 81 20 16 64 55 77 49 92 43 96 41 1 76 32 28 29 45 84 7 69 12 25 56 93 11 83 70 33 59 53 42 47 51 10 8 37 13 5 9 60 17 50 35 99 38 21 23 15 22 90 97 36 86 62 46 14 63 3 18 52 67 39 74 66 57 34 85 31 24 94 61 27 78 75
13 57 85 62 23 34 10 2 5 49 45 91 94 83 72 70 8 36 84 25 90 55 42 93 76 97 67 9 47 73 98 88 52 26 21 7 44 30 87 50 35 81 32 48 68 51 43 20 31 64 0 16 28 96 66 11 79 95 82 41 56 99 38 74 46 80 15 89 58 60 71 33 53 78 75 69 92 1 12 65 6 14 59 27 4 40 19 54 24 61 18 29 22 39 86 77 3 37 17 63
51 82 71 64 12 27 37 49 31 81 77 66 21 6 59 1 94 92 3 11 19 52 97 39 42 44 41 58 61 87 35 28 99 50 72 57 89 69 36 23 10 91 26 30 40 56 98 24 45 60 95 34 43 14 9 48 85 38 22 79 8 4 86 25 18 73 76 75 96 90 15 88 78 46 0 68 47 70 32 20 65 17 7 29 84 93 83 54 33 74 55 67 2 80 16 13 63 53 5 62
75 88 79 99 8 26 67 46 40 0 3 20 55 23 6 52 16 85 48 43 61 10 2 66 19 56 45 33 64 54 21 84 87 50 35 69 36 97 7 29 80 27 15 34 83 9 39 53 93 72 68 57 31 18 91 49 44 60 12 14 47 73 78 95 70 94 24 89 22 4 37 74 11 17 1 32 82 96 98 62 86 58 92 25 42 28 41 5 65 71 90 81 77 59 38 30 51 76 13 63
26 66 17 94 83 54 73 35 63 84 11 24 47 90 93 62 70 13 12 75 60 51 56 28 0 40 96 77 99 95 68 98 55 53 92 91 44 34 46 69 82 50 48 52 16 23 8 19 3 85 38 1 61 42 59 65 79 18 33 74 71 5 25 6 88 72 41 2 7 67 58 76 30 86 14 45 20 43 27 32 49 87 31 10 81 37 97 9 64 15 80 39 4 36 89 29 78 22 57 21
11 34 90 5 85 68 69 23 45 89 63 7 31 35 32 79 56 78 94 75 24 62 93 76 43 86 41 48 59 58 12 96 74 65 81 64 37 16 38 54 70 84 99 6 88 42 53 18 3 26 39 66 19 46 57 49 95 22 27 40 73 2 4 44 15 91 61 14 97 47 80 20 55 0 98 33 83 87 9 60 21 25 77 72 36 10 8 29 1 92 30 13 71 17 67 51 52 28 82 50
50 98 71 57 24 26 5 88 80 87 54 0 81 95 41 62 10 15 25 83 29 3 16 13 9 6 74 45 76 93 49 48 28 38 64 19 96 73 92 97 33 34 90 43 78 86 55 47 94 12 66 1 53 42 52 32 99 51 77 31 89 27 18 44 58 59 70 35 75 68 63 82 23 60 65 21 14 36 85 8 4 79 17 56 61 84 91 39 40 30 11 20 67 69 46 72 7 2 37 22
7 37 51 36 69 10 46 21 5 30 41 39 14 19 16 58 94 45 1 44 38 72 34 9 63 61 82 59 54 47 53 60 11 78 84 81 90 85 3 79 52 66 98 32 29 23 89 12 25 56 43 97 13 40 67 28 80 4 57 17 15 71 68 8 55 83 6 62 2 86 26 70 42 18 95 93 99 33 91 50 75 22 31 87 49 64 27 88 96 20 77 74 24 0 92 35 76 65 73 48
11 65 66 99 56 62 51 50 10 18 76 20 41 21 72 34 1 91 36 29 58 38 30 15 69 86 9 97 55 39 17 40 90 0 94 63 52 92 33 68 81 95 59 98 3 42 60 71 79 88 28 24 22 37 57 47 45 77 87 31 35 16 53 70 23 6 80 85 93 89 74 13 43 19 83 12 54 8 82 84 96 25 27 26 2 75 7 44 46 48 5 64 4 73 61 32 49 14 78 67
23 42 72 17 40 8 0 32 75 95 52 62 96 93 39 84 1 20 82 10 34 6 97 53 90 94 64 48 25 30 57 29 59 41 13 21 28 89 58 60 45 33 31 69 67 55 37 11 9 43 77 50 16 81 86 91 79 27 88 66 18 56 92 44 15 22 80 5 36 38 35 78 19 51 68 12 85 46 47 70 99 73 65 4 74 7 49 76 98 2 87 63 83 24 26 14 54 3 61 71
61 12 75 11 13 92 45 74 89 98 34 99 50 5 6 53 17 58 18 28 80 57 56 48 42 29 64 81 3 59 1 40 41 67 46 36 69 71 9 93 90 14 76 85 26 44 51 32 33 47 86 0 72 21 83 77 91 96 2 54 24 84 7 55 35 37 23 8 68 70 52 87 4 30 31 95 10 20 22 60 19 63 78 66 15 25 43 16 65 94 82 49 39 38 79 88 27 97 73 62
5 70 15 44 47 72 99 71 10 75 39 76 85 36 49 14 25 62 4 11 46 77 89 53 79 66 69 24 78 56 6 83 34 96 92 12 87 86 58 84 81 0 29 7 97 9 41 33 45 19 3 67 54 98 18 22 38 65 50 94 16 17 40 82 68 88 21 59 1 35 74 80 43 55 48 8 26 37 90 52 63 95 13 57 28 42 32 30 27 91 61 23 64 20 93 2 51 60 31 73
77 61 50 43 79 88 82 26 1 55 73 29 78 90 97 80 96 15 83 35 39 65 91 56 72 69 49 53 31 3 64 32 18 84 6 4 85 57 86 75 93 60 92 25 11 89 20 19 21 51 98 71 52 76 33 68 8 7 17 46 38 10 28 70 2 24 54 63 23 42 40 34 95 87 44 5 59 47 9 13 74 99 48 45 58 62 81 27 0 37 66 22 14 94 16 12 36 30 41 67
10 71 44 65 33 34 56 24 55 84 47 27 92 52 11 83 32 7 42 96 16 6 41 91 51 18 3 12 66 19 61 74 85 81 86 9 78 94 29 87 98 28 21 57 0 30 35 45 2 77 97 54 64 59 93 80 48 38 99 31 70 82 90 50 72 53 88 36 1 4 62 73 43 39 17 49 67 22 89 8 40 63 5 58 68 75 13 95 20 79 14 46 76 25 69 60 23 26 15 37
10 74 18 27 53 11 43 71 67 99 97 32 44 91 94 77 41 96 24 93 25 65 34 33 50 6 42 37 68 45 36 35 56 88 79 22 87 0 57 86 47 7 59 48 52 95 2 85 80 46 3 61 92 13 14 64 5 84 29 17 70 55 31 21 51 76 19 1 98 66 26 60 4 69 63 73 75 72 38 40 89 54 8 23 16 81 39 12 58 82 78 30 9 90 28 15 83 20 62 49
14 51 53 29 97 69 16 67 93 71 58 48 0 22 81 78 30 37 4 49 63 7 74 44 26 8 80 79 73 20 82 95 46 40 34 91 10 31 70 99 1 39 72 41 87 18 47 65 19 45 56 92 75 86 83 36 59 84 25 62 68 9 60 90 52 11 76 32 42 3 2 15 61 13 6 88 89 85 96 5 21 66 55 98 27 35 43 57 50 54 28 17 33 94 64 23 38 12 24 77
18 43 93 6 30 12 65 73 90 19 70 81 97 53 94 22 72 11 68 25 61 59 29 66 39 9 41 8 82 26 60 50 56 84 44 67 86 32 74 62 79 20 98 58 36 92 89 5 64 1 38 54 83 77 91 57 13 80 14 48 0 87 63 76 85 24 35 33 95 27 52 88 45 40 4 15 31 49 55 46 21 3 69 96 42 2 71 28 75 99 78 16 23 17 37 47 51 34 10 7
20 97 51 30 8 99 52 10 81 41 63 92 0 80 64 66 46 72 7 60 71 2 91 39 59 36 13 18 1 32 75 23 5 94 70 98 50 47 27 53 58 31 26 22 65 3 6 95 55 73 12 78 21 85 77 84 62 83 56 17 24 68 33 16 15 14 67 76 29 44 42 74 88 9 48 40 86 34 43 69 38 25 54 37 82 11 28 35 61 87 45 89 96 79 57 4 93 49 90 19
8 2 72 34 69 20 95 81 64 22 26 4 98 52 66 46 15 53 48 77 12 39 96 55 25 44 11 10 57 5 1 68 87 14 19 7 71 36 74 49 94 31 43 76 56 79 3 67 78 90 9 28 35 18 58 32 45 54 84 60 6 59 63 47 92 33 17 24 99 16 83 42 86 91 40 38 73 75 37 65 80 85 89 61 51 62 29 41 13 88 30 21 70 23 93 27 97 0 82 50
10 98 14 25 86 37 90 36 9 84 85 46 60 40 53 77 17 15 66 31 76 52 69 20 65 91 72 99 21 1 23 22 7 16 13 54 29 43 26 30 19 28 42 24 50 56 12 81 4 51 79 39 97 45 88 49 41 96 80 44 75 82 70 62 47 68 34 11 87 5 89 73 63 61 83 18 33 59 78 3 48 95 6 58 38 35 8 64 74 93 32 67 0 92 55 57 94 2 71 27
64 97 13 90 57 53 21 91 36 61 72 69 26 46 77 59 39 62 30 50 84 25 99 16 33 6 66 51 74 70 65 98 24 15 49 96 5 48 29 44 3 41 35 20 73 14 12 94 40 37 92 18 7 89 0 76 47 79 75 67 19 80 87 85 11 95 32 68 45 93 71 81 52 31 4 1 86 78 60 38 28 2 23 22 56 54 83 17 58 42 10 8 88 27 55 9 82 34 63 43
11 61 8 83 57 55 74 79 14 68 9 26 88 36 12 43 3 42 54 78 64 62 10 39 73 32 81 87 21 5 77 91 31 47 80 45 30 92 72 7 44 95 23 18 27 52 76 82 28 13 15 22 20 71 96 69 53 24 46 65 66 50 41 16 70 40 56 89 85 63 90 4 59 35 25 86 17 49 38 34 2 75 58 0 48 99 1 93 33 37 19 60 98 97 6 84 67 94 51 29
4 51 82 13 0 74 53 69 27 11 54 22 42 49 79 43 93 91 1 7 97 76 30 37 72 26 62 98 46 85 88 89 14 40 66 38 25 21 55 94 83 2 70 48 92 39 47 41 63 73 99 68 34 90 87 28 12 16 60 36 67 71 3 61 31 59 50 24 10 84 64 57 44 65 81 32 15 17 19 29 86 77 78 35 52 80 8 5 56 33 58 45 96 18 23 20 95 75 9 6
41 57 94 93 51 98 73 11 67 36 52 13 54 20 97 34 31 17 92 32 95 37 85 76 96 62 10 1 40 83 49 8 80 4 78 71 44 55 46 48 35 66 18 89 68 45 84 50 30 21 65 74 42 81 23 38 7 25 28 43 63 86 16 2 56 69 58 26 3 22 88 90 14 72 87 5 82 47 33 75 15 60 91 59 79 70 64 27 53 29 19 99 12 61 9 6 0 39 77 24
68 40 95 45 44 16 35 98 60 91 55 96 67 74 90 62 21 30 75 69 2 17 31 77 59 79 1 71 33 36 76 64 25 9 23 93 37 87 20 63 52 78 84 7 39 42 5 53 56 29 80 83 41 10 51 61 13 24 58 15 14 46 12 66 97 92 57 32 54 72 48 65 26 19 0 50 4 94 82 11 8 34 99 18 81 3 22 28 6 85 43 70 73 88 89 86 38 49 27 47
85 1 71 51 60 45 82 14 66 26 31 48 50 89 15 72 19 67 54 41 68 88 52 58 99 78 91 47 57 39 16 79 4 63 90 7 43 92 84 10 34 22 94 25 76 75 97 20 73 32 46 42 21 74 23 64 55 70 80 87 9 18 5 62 95 33 81 12 40 93 44 61 28 98 0 49 8 17 56 27 13 36 3 53 35 69 6 2 86 29 37 65 24 96 83 30 59 38 77 11
33 66 68 51 44 77 1 11 37 94 87 25 91 43 28 19 88 60 2 78 23 62 76 17 50 97 12 47 65 95 99 48 21 84 56 85 89 80 59 81 83 82 52 41 30 36 15 40 58 5 18 93 64 69 75 63 16 49 14 35 6 20 46 26 10 96 45 9 7 55 74 38 73 32 13 98 92 39 27 8 86 4 53 79 31 29 70 22 67 57 90 72 71 3 54 61 42 24 34 0
36 0 6 75 28 86 40 68 5 2 63 77 89 92 74 12 70 87 90 99 9 33 32 88 58 46 45 97 42 69 29 22 18 47 59 54 21 3 51 10 76 13 7 23 71 64 35 20 17 39 62 57 82 53 73 24 14 15 31 67 72 4 60 8 84 44 37 56 26 43 65 49 55 66 48 30 94 50 83 98 27 1 80 78 25 96 79 19 81 85 11 93 34 52 61 38 16 91 41 95
68 54 69 36 97 83 42 38 49 29 72 15 22 82 85 9 6 24 73 99 95 2 93 27 63 17 74 46 14 39 66 70 92 75 87 57 45 44 79 12 50 71 41 11 18 20 55 67 5 64 35 53 25 98 56 84 52 91 77 96 7 88 40 8 16 0 30 4 13 59 80 58 32 10 61 65 28 37 47 51 76 89 86 21 34 90 33 19 26 94 3 60 62 23 31 48 43 78 1 81
28 64 55 72 24 32 68 40 86 79 87 60 50 92 6 42 66 69 96 31 23 0 12 93 20 33 94 38 39 99 3 53 82 2 19 95 74 41 30 11 90 83 98 16 51 91 45 63 70 5 25 1 49 4 18 65 37 80 85 46 29 71 57 84 9 62 81 14 97 56 59 48 58 15 17 34 78 35 8 7 27 76 54 61 36 88 77 13 67 44 21 47 43 10 22 73 52 75 26 89
9 26 91 30 64 39 59 66 5 48 56 60 28 77 36 81 97 47 58 78 29 34 24 13 14 88 37 96 40 19 4 85 11 15 3 99 70 12 2 20 44 89 92 8 63 7 25 18 55 67 27 84 72 76 68 94 98 35 54 33 42 65 49 16 87 90 83 79 22 53 43 57 46 50 75 86 45 32 80 17 6 61 73 52 21 23 71 69 41 1 95 10 62 0 38 74 51 93 82 31
34 55 81 73 63 97 38 56 29 18 72 8 65 49 7 67 75 57 82 62 12 44 45 74 71 98 13 46 26 77 36 22 86 31 30 60 1 19 93 14 79 33 61 17 83 70 0 3 20 96 2 58 25 87 10 84 21 66 99 64 42 91 6 69 90 24 43 95 15 89 28 85 78 39 23 80 59 88 51 76 11 48 37 54 27 9 94 47 35 40 50 4 53 92 68 32 41 5 52 16
49 78 4 85 66 69 52 94 64 73 44 84 11 41 23 65 99 75 31 48 96 70 35 5 8 21 25 72 37 55 43 15 19 59 6 26 2 33 38 95 13 50 57 9 30 42 1 67 20 27 92 98 22 71 17 36 74 12 0 14 83 18 51 40 91 81 10 93 61 82 47 60 54 63 24 45 87 88 97 53 76 89 80 77 90 68 79 16 29 32 39 46 34 62 28 3 7 86 58 56
55 83 44 25 43 41 33 79 59 35 72 97 45 38 47 50 17 26 2 22 29 31 39 94 77 54 88 53 36 9 8 99 4 76 7 14 52 80 5 6 86 74 90 66 56 61 42 92 19 1 13 34 49 18 68 12 48 84 23 70 46 71 63 89 81 65 64 0 57 78 58 40 32 69 95 16 28 82 30 73 11 10 67 37 87 51 98 21 93 91 60 15 75 24 62 3 20 96 85 27
62 22 94 20 12 96 41 68 72 90 3 77 38 70 73 54 85 13 75 18 64 25 21 37 43 51 26 60 6 74 95 23 65 67 50 49 17 71 88 34 19 81 15 10 91 0 24 97 52 53 36 69 59 14 8 66 29 98 11 79 63 44 57 1 86 84 80 61 30 76 42 47 5 89 56 2 48 9 7 27 58 39 35 16 28 31 83 4 45 33 46 32 78 55 99 93 92 82 87 40
43 46 16 75 81 29 74 10 23 61 79 38 87 80 96 77 32 28 25 89 33 97 44 62 39 40 57 76 20 15 49 83 69 36 67 45 51 42 66 93 91 59 24 48 71 78 1 72 88 22 65 63 31 19 6 35 94 7 54 85 2 5 86 50 41 58 82 30 53 14 3 70 0 37 13 56 47 60 27 9 8 34 21 73 64 92 4 52 95 11 55 17 12 90 84 26 98 68 18 99
47 61 45 0 90 95 88 19 53 23 79 9 27 93 94 55 81 51 56 74 57 22 67 3 4 49 64 42 16 59 6 73 10 66 97 20 82 99 26 14 68 34 71 31 40 89 63 76 36 80 15 21 84 52 91 35 7 78 43 85 12 87 77 25 8 11 69 29 72 48 65 37 50 5 86 1 2 92 30 18 33 38 96 39 24 62 83 70 41 75 44 13 17 60 28 46 54 58 98 32
17 83 45 77 71 39 33 22 62 50 41 10 1 55 53 44 79 57 78 85 31 49 2 72 37 65 25 75 70 54 5 48 69 80 47 23 27 93 94 36 95 9 86 6 96 99 88 60 21 67 34 82 58 14 89 8 0 42 24 3 19 84 7 40 59 61 63 28 18 52 66 15 98 38 97 35 43 32 64 4 13 56 90 11 87 74 29 16 73 91 92 81 76 51 46 26 20 12 68 30
68 7 33 81 61 25 75 86 63 28 34 89 45 78 88 41 93 74 31 73 6 97 47 19 84 43 14 38 50 9 18 94 42 71 85 92 70 30 53 57 72 60 24 27 35 23 79 32 11 64 46 69 20 91 51 37 12 98 62 26 65 58 76 82 13 56 83 39 67 40 8 22 16 96 52 29 49 90 55 1 3 0 54 66 36 17 87 77 10 99 5 44 15 21 59 4 2 95 48 80
14 78 86 73 81 22 46 16 31 40 51 72 69 87 48 63 18 21 65 80 59 52 33 20 49 76 75 38 88 32 92 30 56 10 39 41 1 58 9 0 3 54 23 85 53 99 13 55 26 36 4 50 60 15 89 11 5 68 70 45 42 29 94 67 66 95 12 57 79 91 7 28 96 25 83 74 19 27 44 37 61 93 97 90 35 8 98 2 17 47 64 24 6 34 62 84 43 71 77 82
99 4 87 44 91 93 41 61 17 24 46 30 37 1 60 89 66 48 71 80 59 73 5 64 84 26 50 57 23 43 54 88 10 55 15 85 53 32 27 75 29 68 13 51 11 65 18 33 7 94 90 77 34 74 6 95 92 72 83 25 19 67 97 38 49 12 14 16 58 31 96 8 35 42 28 98 52 62 69 0 40 70 2 9 20 81 36 76 39 45 21 56 82 86 3 47 78 63 22 79
15 80 90 74 60 37 5 52 87 72 98 45 12 43 75 25 66 38 93 63 44 83 33 26 8 67 35 10 22 1 24 34 11 95 2 77 79 19 39 89 29 94 46 18 97 0 56 49 58 17 96 36 81 76 27 61 16 40 64 50 4 54 6 65 47 7 28 73 51 68 21 31 32 99 84 42 3 13 91 59 30 71 82 53 9 20 14 92 41 62 23 88 57 78 86 85 55 69 48 70
95 70 47 66 93 52 12 50 19 40 41 78 31 98 67 26 65 14 37 34 38 76 94 82 87 29 86 1 57 22 72 77 81 58 60 91 44 62 64 25 39 2 43 51 8 10 16 80 89 97 9 36 32 48 27 69 18 30 55 56 79 83 0 5 21 59 7 84 28 3 53 35 99 33 54 13 68 23 49 4 92 74 71 11 75 63 45 96 88 73 17 6 24 46 42 20 85 61 15 90
85 55 21 97 36 37 67 93 75 81 40 2 9 41 77 15 42 23 34 59 5 79 71 58 32 49 16 18 31 43 7 11 45 48 57 38 39 24 65 25 52 95 26 17 66 64 33 61 94 3 60 22 56 10 1 76 19 73 82 96 29 86 90 47 63 80 20 46 84 91 88 83 68 13 35 72 51 87 70 62 99 27 53 78 98 89 0 14 44 28 30 50 92 6 4 74 12 69 54 8
29 33 64 14 57 97 76 8 52 59 27 69 32 88 40 65 34 2 30 53 25 61 19 89 91 43 3 51 39 85 6 66 47 24 45 31 36 38 20 15 98 11 82 81 93 22 35 23 90 62 55 37 83 7 80 5 58 67 92 48 12 4 74 70 49 41 60 87 1 54 17 75 71 50 46 16 42 21 79 44 56 73 72 9 99 10 78 86 13 84 95 96 18 28 77 63 26 94 0 68
19 12 98 77 20 17 57 28 54 60 27 96 5 26 91 40 81 1 29 8 31 13 0 59 37 88 58 30 87 22 51 32 73 49 53 23 61 2 33 45 97 6 4 9 43 93 84 68 75 41 39 79 76 85 14 94 36 55 83 11 34 15 50 89 66 71 80 90 78 25 21 70 67 46 38 99 82 74 47 72 3 64 48 16 7 63 52 10 95 44 65 62 69 35 56 18 42 92 86 24
50 73 59 33 84 69 66 16 71 29 64 0 74 40 79 7 11 90 44 9 89 76 27 31 4 56 42 32 61 22 28 24 62 8 65 75 81 36 26 23 39 82 94 70 2 99 96 46 51 83 20 43 21 55 3 91 5 45 80 67 1 68 14 98 87 58 60 97 48 30 53 54 95 18 12 17 6 78 25 35 37 63 38 41 49 57 47 85 86 52 72 15 88 10 34 19 77 93 13 92
93 20 22 48 50 28 86 44 27 35 34 14 94 83 72 49 76 75 36 81 0 63 12 74 55 89 80 3 79 43 62 56 25 78 91 52 88 58 8 46 33 85 17 4 16 13 77 24 67 71 10 82 64 21 2 31 42 69 7 96 29 1 9 32 45 57 15 54 65 26 6 53 30 68 66 5 70 37 60 90 39 73 40 87 97 84 18 98 38 19 11 99 47 59 61 51 41 92 23 95
22 5 38 72 61 54 97 74 60 71 48 64 78 1 94 62 29 92 77 69 45 53 68 82 21 76 85 51 9 24 13 36 37 43 0 80 4 6 19 86 25 91 10 66 81 50 31 73 40 75 30 3 58 42 2 12 59 32 83 20 55 44 98 7 95 70 52 41 67 93 34 79 88 99 65 26 27 63 57 89 56 14 15 23 90 8 18 96 17 28 47 16 87 39 33 46 35 49 84 11
72 94 69 19 28 57 33 25 67 99 56 85 51 65 76 83 45 39 26 10 71 6 8 24 11 47 7 1 23 38 68 60 61 70 81 20 77 30 54 63 4 80 3 17 78 74 96 42 22 46 91 95 93 64 87 89 50 34 29 79 0 75 37 31 97 9 44 48 52 21 15 2 82 66 32 90 98 43 86 13 55 59 41 53 12 5 73 27 16 35 62 58 18 36 14 92 84 40 88 49
41 26 11 97 89 46 39 52 98 78 0 66 74 21 43 80 93 49 84 33 32 42 54 76 83 50 2 12 68 17 70 60 55 22 18 5 36 15 69 95 37 6 9 27 14 8 24 79 31 45 88 81 96 20 71 13 3 67 38 51 35 92 91 23 99 30 59 34 16 44 64 72 77 90 61 75 53 65 1 19 94 47 87 40 10 28 73 29 7 25 48 58 82 62 57 63 4 56 85 86
93 40 8 1 14 89 55 72 58 29 64 48 62 33 21 2 51 87 25 20 59 13 69 44 5 47 60 78 35 56 39 65 46 76 77 27 73 4 61 49 95 31 43 7 37 88 15 50 70 67 66 18 41 90 16 19 74 97 23 38 82 17 86 36 22 80 24 75 68 6 57 9 83 96 42 32 81 99 3 92 91 84 28 94 53 54 10 26 45 52 63 98 0 34 71 12 79 85 30 11
27 61 69 38 4 51 37 9 77 94 43 63 54 40 30 50 65 99 66 12 89 28 85 25 33 1 21 80 14 20 2 49 71 46 75 78 53 15 52 31 91 90 93 72 45 70 84 26 35 56 81 41 88 76 13 22 23 17 87 39 82 19 11 3 86 48 29 79 92 62 0 18 68 10 42 6 24 44 47 67 5 97 32 36 95 64 7 96 34 58 74 16 57 55 60 8 59 83 73 98
0 21 98 25 14 39 88 86 78 92 17 26 70 30 81 1 63 36 62 74 91 29 64 75 76 60 56 69 48 83 8 47 79 23 82 99 96 50 28 4 20 35 46 66 73 44 80 34 19 31 54 93 6 52 45 67 85 97 40 53 16 11 7 42 2 55 41 3 90 37 95 72 59 51 58 12 43 22 87 13 94 27 49 77 57 84 38 5 65 68 10 24 18 89 33 15 9 61 71 32
71 32 16 77 11 42 50 84 13 37 92 80 65 47 39 66 76 63 6 73 26 70 21 18 98 91 7 74 78 46 96 5 87 93 25 64 59 95 58 33 3 72 2 88 81 20 49 54 24 34 22 68 30 1 79 38 83 44 14 0 62 99 43 17 29 61 12 94 90 40 55 28 89 97 52 53 41 31 82 67 86 51 36 69 27 35 57 48 56 10 19 60 45 23 15 85 9 4 8 75
56 37 1 6 36 21 35 12 0 57 81 61 34 80 98 70 54 58 85 5 75 82 10 60 79 22 28 99 67 42 65 69 15 11 96 38 4 89 31 87 78 84 88 8 86 19 29 17 63 3 52 64 40 72 46 23 68 9 18 27 30 73 24 83 20 95 2 62 93 90 39 97 32 14 77 53 16 66 44 25 47 91 94 7 41 74 92 13 26 45 49 51 43 76 59 33 50 71 55 48
78 72 41 30 46 9 14 91 98 80 58 17 4 3 96 94 31 70 42 34 16 74 40 61 13 45 32 47 18 38 62 35 88 56 33 28 97 77 63 59 83 39 84 15 19 92 21 67 8 48 43 93 95 81 71 57 36 12 10 60 49 27 90 64 55 69 89 2 1 52 24 51 73 86 66 0 20 53 99 68 75 76 65 5 23 44 11 50 25 87 79 26 85 29 7 82 22 37 54 6
70 0 86 59 61 33 20 29 75 89 34 50 80 66 63 23 74 13 51 12 9 68 87 1 47 19 60 71 10 65 69 49 6 76 99 90 95 58 15 11 28 4 64 82 43 27 21 77 52 42 45 39 24 81 54 46 36 3 30 32 17 55 22 83 26 62 78 25 72 35 79 97 31 2 57 85 88 56 53 16 7 37 94 67 5 14 92 8 96 38 44 73 93 40 41 91 84 98 18 48
30 18 60 80 14 73 2 88 77 1 58 51 23 93 10 3 72 8 55 41 5 44 48 31 50 86 11 79 4 19 96 83 43 9 98 90 37 62 61 76 68 26 17 69 67 92 56 21 27 82 84 28 65 32 63 38 13 33 53 45 74 59 49 22 97 85 42 16 6 46 35 57 54 15 71 24 64 99 91 87 94 95 20 47 0 75 81 66 7 29 52 36 25 34 89 12 39 70 40 78
65 76 15 3 61 74 2 63 97 42 66 30 10 6 60 46 41 82 64 53 85 92 12 80 56 72 28 87 58 5 26 48 83 94 8 77 19 98 67 89 44 25 45 78 34 88 40 9 23 17 81 79 39 50 68 35 4 96 91 32 86 18 62 31 14 57 54 90 52 59 75 93 43 49 16 22 99 27 95 84 21 29 33 36 24 70 73 20 7 51 13 0 11 69 71 55 37 38 47 1
85 44 65 43 99 57 13 10 35 32 63 84 45 53 74 51 73 17 68 90 58 21 22 96 95 76 92 31 18 7 36 91 52 69 80 75 48 8 93 50 81 59 97 62 9 29 34 47 88 70 89 23 54 2 71 33 20 66 25 27 0 16 77 60 39 5 11 67 15 56 64 26 94 12 38 72 86 30 37 40 19 28 87 49 98 46 3 61 1 42 78 83 41 55 24 14 82 79 4 6
3 48 11 42 10 20 29 25 21 9 96 40 68 75 71 8 72 90 67 33 19 46 0 24 70 58 2 49 84 47 31 39 41 63 27 50 81 6 91 87 17 86 37 7 26 43 14 55 85 82 45 78 56 1 18 69 60 88 23 93 66 30 89 16 77 83 53 13 95 4 99 36 44 64 62 51 98 34 5 22 57 52 54 65 94 80 59 15 61 74 76 32 28 92 12 35 97 79 73 38
30 16 77 42 13 56 15 44 10 5 27 59 55 57 49 92 47 73 84 45 18 75 6 67 11 66 93 25 94 0 1 46 40 64 38 28 53 74 96 80 52 78 17 61 79 98 62 9 71 95 72 8 19 86 50 39 65 29 3 83 48 7 85 22 33 14 20 31 82 68 69 76 99 60 58 37 97 87 21 51 91 24 12 81 43 36 26 89 63 70 54 4 90 34 35 88 32 2 41 23
55 60 47 28 10 79 58 18 99 49 34 53 15 81 31 25 70 43 76 45 50 98 52 65 67 42 95 51 20 11 3 44 39 56 16 13 6 41 8 78 59 21 90 30 37 64 32 74 94 86 82 54 38 73 26 84 35 40 17 61 77 87 29 48 66 69 24 75 63 88 19 57 72 27 46 85 14 1 22 2 4 97 62 92 0 68 12 5 80 71 33 96 91 36 93 7 9 23 83 89
64 25 89 82 15 5 83 37 45 73 65 67 11 71 92 81 42 40 84 75 28 46 44 77 51 93 90 12 8 23 0 62 69 95 80 61 54 31 27 13 52 87 55 38 3 56 29 50 36 68 53 35 98 96 22 57 78 94 10 21 88 32 18 85 14 47 19 48 60 34 76 58 70 59 39 41 72 7 91 79 86 20 9 33 26 4 49 66 74 63 6 24 16 99 30 97 17 2 43 1
59 2 73 0 48 67 51 22 77 96 50 84 25 36 54 65 44 76 11 20 68 33 81 1 38 93 52 62 58 3 19 31 69 71 49 89 18 9 53 16 32 40 26 28 7 91 98 55 82 99 56 88 74 83 61 94 85 47 70 92 79 42 97 80 12 4 87 13 21 72 75 78 41 57 27 60 15 35 8 37 46 66 63 34 6 23 90 10 95 39 64 86 30 17 14 24 29 45 5 43
49 51 90 86 19 54 15 88 94 57 40 41 39 78 52 11 43 80 66 58 84 6 21 9 35 70 17 22 82 16 59 89 65 62 1 4 56 23 64 10 85 18 95 13 67 37 5 97 79 96 32 77 28 46 61 63 45 20 50 92 38 36 33 30 83 99 34 8 42 3 60 0 47 74 29 75 53 7 68 81 25 14 69 31 55 71 72 12 76 48 73 24 44 27 91 26 98 87 93 2
0 31 18 13 71 98 9 83 15 97 32 11 68 64 16 81 35 29 91 99 63 38 17 59 58 74 61 5 96 77 76 60 92 55 93 75 94 46 34 4 73 1 87 28 51 52 42 37 6 85 79 40 26 25 50 88 14 72 86 49 66 78 20 3 23 19 57 70 84 62 82 48 69 56 90 39 95 21 2 12 89 30 67 33 8 47 53 43 44 65 24 45 36 41 10 54 27 22 80 7
24 88 14 56 92 44 16 30 93 78 77 33 46 61 85 66 22 20 63 41 57 12 52 59 73 1 67 84 91 82 83 23 54 86 37 69 75 68 94 18 51 9 31 35 19 34 64 53 89 26 98 39 11 29 99 32 15 58 49 60 76 10 65 95 96 27 87 70 71 36 21 81 4 72 25 62 97 42 5 7 2 47 40 90 13 8 55 17 48 45 50 74 28 0 38 79 6 3 43 80
70 17 62 5 52 93 83 85 92 22 98 95 84 96 77 6 90 64 8 50 15 39 65 28 58 55 57 19 71 81 56 25 3 47 79 80 31 13 23 73 38 34 66 97 32 21 33 88 94 75 4 43 49 78 72 67 29 59 89 24 1 61 42 2 44 27 46 16 76 86 18 99 91 82 68 40 0 30 37 35 11 7 63 54 87 20 51 53 45 36 12 48 10 60 9 41 69 14 26 74
93 8 36 76 29 40 57 73 15 43 6 31 67 68 60 98 18 63 30 5 61 25 37 0 86 47 74 92 66 23 77 16 59 48 99 88 82 87 96 97 53 1 72 28 58 44 19 94 9 45 95 14 2 26 39 12 50 17 71 7 83 32 80 34 69 81 55 78 4 62 10 89 91 56 51 11 84 33 42 27 64 52 70 90 13 49 85 79 22 54 75 20 24 38 35 41 65 21 3 46
37 35 97 53 62 51 69 39 18 74 12 26 43 73 67 47 58 15 65 38 24 45 9 25 10 70 56 60 64 0 99 52 1 19 5 33 8 86 91 44 49 55 54 59 88 96 93 76 7 57 28 63 3 90 31 79 94 17 89 32 42 83 78 77 29 81 95 66 75 92 21 2 6 80 84 40 71 72 34 61 87 22 30 41 23 68 20 85 48 14 82 46 11 36 16 98 4 13 27 50
57 15 83 22 9 69 10 17 11 24 21 75 66 87 18 29 28 7 85 27 71 8 96 42 93 33 44 14 34 35 39 76 61 5 40 79 48 30 4 52 1 89 99 46 94 68 82 60 19 92 6 77 98 56 47 36 12 70 80 3 86 37 90 43 72 51 20 65 53 97 31 73 16 2 64 54 95 78 59 81 84 58 74 41 26 49 13 45 32 38 63 0 23 67 62 88 55 50 25 91
32 21 50 64 4 65 51 80 39 28 16 1 79 22 17 14 81 92 62 18 9 57 15 85 99 83 59 63 31 47 44 19 42 23 7 67 74 33 34 43 78 73 29 6 93 60 38 90 48 84 25 30 27 56 58 41 68 72 70 3 24 76 82 11 86 69 95 12 40 20 55 88 89 52 61 36 13 37 46 87 66 91 0 98 2 71 5 26 96 8 45 35 49 94 77 53 75 54 97 10
86 72 33 4 98 99 23 75 63 87 12 27 3 90 19 42 76 58 77 10 81 1 44 89 94 47 7 11 32 29 74 48 39 50 37 36 25 28 31 20 70 92 97 51 46 71 85 30 8 83 59 80 17 52 49 21 14 73 43 79 55 84 54 60 68 0 82 26 22 64 2 78 95 57 16 61 96 40 65 41 38 66 6 18 13 91 9 35 67 5 15 88 62 24 56 53 34 45 93 69
21 88 91 36 92 17 16 66 7 87 68 30 81 45 35 94 32 79 25 82 93 24 51 48 5 76 0 69 34 78 46 40 74 98 95 37 54 65 62 61 28 90 96 19 64 6 20 38 27 22 72 9 15 73 70 59 57 11 23 77 13 55 18 86 99 42 26 67 10 4 53 58 80 97 56 12 49 52 83 33 2 47 89 44 63 60 8 31 85 50 75 29 1 14 41 43 39 3 84 71
57 46 63 4 64 59 52 16 36 88 50 26 79 19 78 80 67 93 22 3 12 69 99 21 73 1 40 91 89 74 14 55 39 28 33 27 95 84 45 48 70 61 13 56 66 5 51 42 7 10 37 98 9 81 25 54 96 20 72 15 38 87 2 31 23 65 8 18 86 60 90 49 34 17 76 92 83 62 85 97 68 44 0 43 24 29 82 77 53 94 35 30 6 41 71 58 32 11 47 75
20 95 46 70 63 37 51 31 32 65 57 4 8 27 58 48 93 29 30 56 15 16 91 88 60 75 42 87 24 28 59 83 94 45 0 71 2 78 36 99 67 12 38 73 49 85 41 53 55 33 6 13 68 22 86 82 47 7 92 34 40 80 26 79 98 43 74 35 96 77 14 23 39 62 17 61 10 97 3 21 54 52 44 9 25 66 69 64 11 81 50 89 72 76 90 84 5 18 1 19
77 69 41 16 7 3 1 76 18 95 92 63 13 31 8 25 46 19 97 74 37 86 15 58 80 83 27 61 30 72 39 35 4 0 32 51 17 52 94 20 45 55 21 2 62 70 33 9 82 89 12 79 22 47 42 5 87 90 98 96 65 85 34 78 44 99 64 84 38 81 59 10 24 26 91 67 23 14 73 50 6 56 93 28 43 53 54 11 40 60 29 36 57 66 71 68 75 48 49 88
22 41 59 69 75 0 61 51 84 44 53 20 78 9 82 27 36 87 49 76 66 90 1 89 10 86 15 71 65 55 85 18 56 11 32 64 80 88 77 23 13 47 2 8 39 16 42 93 43 45 83 31 96 14 46 54 7 6 48 74 26 57 19 98 79 4 24 62 68 12 34 25 40 95 67 28 70 50 37 21 58 30 17 72 33 29 99 92 5 73 52 97 3 63 60 38 35 94 81 91
14 96 99 36 50 46 89 93 28 17 11 43 10 39 70 67 5 18 13 29 52 41 98 65 44 51 92 81 73 72 30 15 47 83 54 6 48 79 85 24 23 86 76 59 75 53 8 1 64 7 60 21 58 33 88 37 95 56 80 45 71 61 55 34 63 97 0 26 94 32 49 69 42 19 78 38 16 68 77 62 12 84 91 27 31 57 82 35 66 20 40 25 90 22 9 74 4 2 3 87
50 78 54 44 64 65 98 80 15 85 95 35 5 8 10 83 36 89 92 42 23 12 4 69 30 40 52 79 70 47 41 53 87 99 9 43 63 29 18 49 93 39 62 14 77 67 25 75 48 31 3 86 81 72 51 58 97 90 27 71 73 57 28 59 38 22 34 61 16 19 91 17 76 0 84 74 55 96 20 88 6 46 32 2 37 66 24 26 11 7 1 60 13 82 33 94 68 45 21 56
87 42 45 66 86 30 69 51 91 6 93 36 50 85 16 1 65 22 47 82 29 84 8 61 89 68 7 62 27 17 12 52 23 24 40 15 79 64 53 19 9 33 90 74 0 21 55 35 49 44 97 76 48 59 96 14 4 31 95 88 63 56 67 58 28 38 20 11 5 78 80 75 77 57 83 18 72 73 34 70 41 98 71 92 10 32 37 54 60 2 43 94 3 46 99 13 26 25 39 81
70 3 71 17 94 68 97 61 5 52 96 16 47 85 2 87 46 22 35 69 81 40 72 31 67 63 41 64 21 65 76 23 89 56 38 34 9 48 0 98 91 36 95 59 99 54 88 66 90 8 49 1 11 57 77 27 75 7 92 83 30 10 37 32 39 19 28 26 86 80 62 24 43 73 29 12 84 33 50 25 4 58 45 74 44 78 42 53 79 20 13 82 60 18 55 14 51 15 6 93
30 81 31 7 27 40 9 57 42 3 97 65 47 21 15 17 69 60 44 99 22 71 91 62 19 6 13 92 76 96 94 79 74 64 66 43 61 59 84 20 34 8 25 37 90 18 89 54 49 39 24 86 14 12 28 87 16 58 67 0 4 2 63 77 78 80 50 32 70 26 33 46 82 98 29 55 11 88 85 73 48 35 23 75 53 36 95 83 45 51 1 68 10 56 41 38 52 93 72 5
8 22 5 41 99 95 72 75 92 44 66 91 77 62 12 71 85 50 55 47 32 63 67 97 43 60 14 88 2 58 16 23 31 40 54 7 57 19 90 29 46 1 28 59 36 68 82 69 3 45 70 83 33 35 86 17 96 80 27 74 64 79 0 56 15 9 61 81 98 42 51 13 34 93 10 39 21 73 89 76 53 49 11 38 26 4 87 6 24 84 25 37 52 30 48 18 94 65 20 78
31 52 62 84 0 56 68 24 17 36 75 86 92 51 10 37 43 47 80 7 6 99 90 20 21 38 67 54 59 44 41 95 74 60 57 18 22 42 69 79 27 94 72 23 82 40 49 88 28 39 77 78 63 87 15 16 58 11 71 70 32 83 97 93 5 55 2 85 13 4 89 33 45 76 91 9 64 12 14 8 81 19 29 48 65 26 25 1 73 53 96 30 98 34 35 50 46 66 61 3
31 96 66 72 74 76 39 69 48 38 90 0 29 88 5 1 80 93 35 53 33 79 85 17 7 27 49 50 87 4 61 30 67 23 57 47 22 2 34 21 3 51 92 26 25 40 95 58 41 73 64 44 52 43 62 89 46 16 11 77 84 20 94 15 18 68 86 10 78 12 14 60 54 19 13 70 56 59 9 97 81 8 98 91 24 45 42 99 75 32 65 82 37 63 83 55 71 28 36 6
66 70 49 55 99 15 65 27 63 34 71 56 98 26 96 64 90 35 47 0 12 76 48 22 85 51 25 11 7 24 16 46 52 58 1 42 21 31 18 60 94 20 93 6 23 50 69 89 92 68 43 74 32 14 30 97 3 82 83 17 73 81 45 10 72 39 2 91 37 9 62 61 88 54 44 36 67 79 78 53 77 8 5 38 4 41 87 28 59 84 80 19 13 75 95 33 57 86 29 40
91 66 3 11 43 51 19 28 73 14 88 77 4 23 69 21 62 32 8 46 47 71 0 61 34 79 13 45 9 26 39 6 63 74 76 75 67 38 25 64 27 41 84 42 72 57 37 95 40 36 98 16 30 90 56 81 49 44 22 65 10 93 24 70 80 15 48 85 99 2 33 53 35 68 82 89 5 94 92 97 86 60 7 52 12 31 78 96 18 59 1 55 29 83 87 17 20 58 50 54
71 37 57 49 75 6 8 21 22 23 81 31 97 54 3 0 60 80 15 9 51 78 45 10 95 18 7 43 48 83 24 25 46 61 77 5 34 35 68 47 92 62 85 90 96 84 66 53 11 56 73 72 16 26 86 65 89 14 52 67 63 69 42 32 88 17 82 2 87 27 93 55 1 99 12 91 64 59 4 38 76 94 29 28 79 44 41 13 70 39 98 20 36 40 74 33 30 58 19 50
76 80 41 68 20 10 32 39 70 6 98 85 29 51 43 14 72 3 65 5 67 71 60 40 13 38 53 22 64 47 23 48 36 55 88 17 87 91 82 69 83 11 24 45 21 8 4 95 81 37 92 34 90 2 59 77 27 63 58 25 62 49 16 89 26 79 7 46 93 56 44 86 31 57 0 99 66 30 50 97 78 1 94 35 19 15 75 96 42 61 12 9 52 84 74 33 54 18 73 28
60 42 4 14 45 37 64 5 56 94 53 19 82 17 22 52 78 28 62 46 61 47 11 26 13 87 33 92 1 10 12 15 75 72 24 68 95 31 9 58 7 76 59 0 8 39 2 65 49 51 79 63 84 38 80 85 74 96 43 27 36 57 20 32 88 98 23 90 41 35 99 69 73 91 18 71 16 30 48 81 93 83 6 21 86 3 67 70 44 89 97 55 34 50 77 66 25 29 54 40
46 28 40 12 66 33 71 72 57 73 11 5 43 44 69 3 7 31 50 64 68 36 90 30 74 20 80 54 0 58 85 23 29 84 83 26 89 86 27 76 99 42 39 52 37 34 98 38 87 19 17 41 10 65 63 61 48 14 62 78 79 24 94 75 56 35 9 1 21 59 67 25 15 13 16 4 51 47 93 92 77 49 88 6 18 81 2 60 22 95 70 53 8 45 55 91 32 82 97 96
58 98 56 47 60 43 79 53 76 31 91 14 40 22 78 44 17 54 19 0 82 81 52 67 94 16 23 20 26 70 32 41 73 86 74 3 2 51 84 83 6 71 13 5 33 99 66 63 38 25 88 87 68 61 7 80 4 10 64 69 18 12 77 35 8 15 39 21 29 59 95 37 65 90 89 62 75 9 11 28 96 36 34 49 93 48 46 42 24 27 72 55 30 85 92 97 57 1 50 45
47 21 25 69 64 75 11 73 20 44 38 70 52 54 82 48 0 27 81 15 12 45 6 7 5 89 23 13 41 22 8 46 3 55 88 65 92 1 79 29 49 90 17 36 4 51 33 78 62 32 87 18 86 42 97 40 72 58 77 59 43 66 16 60 35 39 26 61 96 30 10 67 93 80 99 9 37 53 31 84 94 24 76 19 71 50 85 2 98 57 83 91 56 63 68 34 95 14 28 74
23 33 36 94 40 69 99 11 98 96 30 28 53 82 7 80 2 90 37 25 97 65 89 67 39 18 71 21 93 32 77 62 78 46 4 13 75 74 73 38 81 56 87 95 41 48 51 60 45 61 54 10 24 42 49 84 70 19 26 88 59 44 76 66 20 72 58 86 17 9 91 47 85 92 55 14 27 83 3 64 5 8 22 34 43 35 6 63 31 68 15 12 16 52 50 1 79 0 57 29
2 95 45 17 66 54 91 11 40 18 13 10 56 74 71 85 9 60 34 15 64 63 12 62 30 26 59 33 41 32 88 20 37 39 7 5 50 89 55 23 99 87 38 31 76 1 22 51 21 28 43 8 48 57 14 53 44 98 29 93 65 90 49 69 58 52 27 94 77 96 73 75 61 0 83 16 24 36 78 67 84 47 42 6 92 86 46 79 81 19 35 80 3 97 72 68 4 25 82 70
13 59 34 35 48 60 65 95 67 46 90 39 69 28 85 18 32 88 64 37 53 42 17 29 82 86 20 19 31 52 50 76 96 89 56 49 11 73 55 36 78 7 62 38 77 83 75 61 14 22 40 43 15 71 47 87 8 21 70 84 16 91 97 0 66 57 2 72 9 45 33 51 98 4 74 79 44 68 30 26 58 80 5 99 23 94 6 54 41 24 93 12 10 27 63 81 1 3 25 92
48 65 51 90 4 54 82 23 68 7 32 5 62 57 99 85 92 56 6 76 26 95 88 19 13 69 73 29 24 21 10 45 93 75 38 77 44 70 71 81 94 87 47 8 60 61 27 52 72 17 79 59 41 89 34 31 74 20 84 3 40 22 14 97 35 66 39 37 64 36 28 86 96 58 46 0 25 91 78 30 12 55 67 63 53 33 16 15 2 83 50 49 1 11 43 98 9 18 42 80
3 61 8 39 49 52 56 65 79 44 10 27 12 83 41 71 63 14 26 78 50 87 67 68 4 32 6 19 18 38 24 23 33 46 77 31 40 88 57 51 58 91 1 60 82 2 95 5 64 93 13 94 86 25 34 20 9 11 80 30 92 76 59 96 81 21 15 42 54 98 55 28 43 53 45 16 89 37 72 0 70 22 7 35 84 69 48 29 74 85 90 36 66 75 17 99 62 73 97 47
8 28 67 42 60 89 50 71 54 47 65 19 66 69 63 35 16 39 9 62 77 74 1 24 13 48 21 41 44 14 15 98 61 38 53 85 70 76 79 92 88 86 97 37 27 10 58 49 36 55 12 45 43 5 59 80 99 4 94 90 11 17 34 81 52 73 33 78 0 51 30 40 96 75 31 26 6 68 83 95 32 29 2 84 7 93 56 91 23 18 20 82 57 87 72 46 22 25 64 3
87 30 93 15 70 48 94 73 0 44 33 74 32 84 76 86 6 12 45 89 11 27 83 17 81 92 22 60 43 57 67 61 31 63 19 54 26 64 40 10 82 7 72 8 25 96 38 20 50 78 71 34 37 1 62 95 46 66 4 18 23 41 16 53 59 49 68 24 80 69 14 97 21 77 75 98 52 90 5 3 51 29 79 65 36 88 42 47 55 9 39 56 58 28 99 91 85 13 2 35
97 9 47 70 49 95 26 77 43 65 89 92 34 13 66 6 58 62 23 32 0 7 25 27 86 30 1 20 11 55 88 44 38 24 94 75 85 90 74 91 82 29 67 17 48 12 28 98 51 22 39 81 21 87 60 35 83 79 78 54 52 41 68 69 42 56 16 40 61 33 50 18 53 8 57 5 76 72 64 31 59 73 3 36 71 96 80 93 45 14 37 4 99 10 46 19 2 63 15 84
64 99 89 34 29 65 57 56 38 90 25 76 54 44 43 52 79 9 85 7 1 80 39 55 87 53 68 16 58 40 3 0 26 95 8 73 50 86 15 31 61 20 18 59 46 84 51 67 91 70 94 19 71 13 32 62 60 75 37 78 10 96 5 2 23 41 63 83 93 17 4 11 98 49 27 24 42 69 30 14 97 35 77 88 21 48 92 82 33 47 74 45 36 72 81 22 66 12 6 28
23 20 13 49 51 28 89 31 38 54 86 37 26 62 11 72 97 1 70 46 61 67 18 78 77 36 24 45 30 73 99 59 82 4 0 76 66 17 8 10 22 63 14 74 34 40 7 29 57 53 3 60 39 79 32 68 48 47 6 87 25 55 35 71 52 90 33 75 88 15 69 2 44 27 83 98 84 58 19 94 42 96 16 91 93 41 92 81 64 50 80 21 95 65 85 12 56 9 43 5
25 55 81 31 38 88 57 11 7 51 2 61 58 95 6 29 86 48 27 41 13 36 53 1 79 74 63 75 17 96 68 18 67 33 78 22 43 45 40 3 32 66 72 89 23 12 87 39 92 65 9 26 21 5 56 8 54 44 90 47 76 85 80 10 60 94 52 73 15 46 71 64 59 49 77 24 4 0 93 70 34 16 69 99 28 35 14 91 20 19 42 50 98 84 97 37 83 30 62 82
60 36 91 79 13 47 64 56 82 18 28 37 43 14 69 78 68 40 34 90 61 11 95 33 58 98 67 76 27 86 32 1 7 20 62 50 92 44 89 26 38 66 23 31 10 21 77 83 22 29 19 24 84 5 49 59 63 55 96 94 71 85 6 39 35 46 42 15 93 45 52 80 12 30 57 9 2 53 87 48 73 75 25 54 51 16 97 65 3 99 74 17 81 72 70 0 88 41 8 4
60 40 98 39 11 26 91 96 49 57 95 2 20 52 69 25 47 4 73 18 19 88 38 35 93 89 85 3 31 55 21 72 32 79 36 65 82 74 77 23 67 92 37 84 61 64 50 15 71 80 42 33 41 27 44 59 13 46 54 51 0 24 16 86 56 29 97 83 90 62 43 1 17 66 7 6 94 14 78 5 75 63 99 81 10 28 70 58 12 87 53 68 48 45 9 22 34 8 76 30
35 90 22 23 62 38 29 88 27 66 78 59 40 13 14 51 93 60 75 12 52 92 58 7 67 99 94 80 20 3 95 56 72 25 36 77 54 68 44 82 76 0 79 55 49 2 5 32 26 18 91 6 17 73 21 15 11 19 45 30 9 69 37 57 53 43 97 41 64 89 33 48 63 50 85 87 42 31 16 86 8 81 65 61 24 71 28 1 74 98 84 96 10 83 47 34 70 46 39 4
91 63 99 51 43 0 73 78 34 55 13 7 15 95 86 39 66 98 45 53 67 97 92 72 14 10 93 18 82 8 46 35 44 30 74 32 83 6 41 42 28 79 36 31 38 1 22 23 80 81 58 48 25 2 19 5 29 87 16 61 47 20 65 33 57 88 3 4 49 21 76 9 52 40 84 24 89 54 85 26 68 70 27 50 96 77 37 59 60 94 11 71 90 17 69 12 75 56 64 62
17 45 44 25 83 53 73 40 8 69 81 37 27 4 12 66 46 64 70 31 42 9 55 22 88 95 51 91 65 82 1 39 24 29 33 61 5 23 2 78 67 34 0 71 26 87 84 74 54 36 50 76 98 89 20 18 86 11 41 3 28 43 32 75 48 90 60 7 57 59 49 30 97 85 56 19 52 77 94 62 13 14 47 15 58 79 93 72 16 99 6 68 80 38 35 21 96 92 63 10
43 48 82 92 86 51 10 24 84 57 34 39 22 94 95 14 5 56 91 49 2 67 96 30 35 20 8 42 36 18 90 62 32 33 41 26 70 98 76 65 83 88 13 53 28 3 89 97 45 44 59 40 75 55 73 6 60 9 31 85 71 15 19 74 87 17 46 66 99 78 23 0 38 69 80 72 77 79 11 81 50 58 27 29 7 93 25 37 61 21 68 47 4 52 64 16 54 12 63 1
35 65 9 72 0 29 80 70 81 1 83 2 42 43 37 60 94 64 45 85 78 54 48 73 12 89 88 82 61 34 90 15 92 50 91 77 98 97 5 26 74 84 32 7 30 96 46 4 71 3 56 19 67 93 58 33 62 57 68 63 99 95 47 21 55 31 86 8 40 6 38 20 10 23 69 25 53 51 17 59 14 28 18 44 39 87 66 36 22 79 27 24 49 75 41 16 13 52 11 76
46 35 63 81 87 91 5 2 78 0 7 18 98 38 44 60 34 14 70 28 16 43 97 69 75 67 24 82 20 42 74 62 58 88 32 79 54 13 80 86 99 94 21 9 50 85 39 57 83 68 29 84 6 64 77 1 52 55 59 4 8 56 53 33 25 76 10 95 30 51 12 49 19 40 89 90 72 73 92 27 61 48 71 11 41 66 37 23 26 36 17 93 47 31 65 96 22 45 3 15
84 14 93 10 16 15 78 47 67 0 92 81 20 27 22 30 68 28 85 62 61 94 42 72 37 73 33 90 44 54 86 3 64 19 35 82 8 50 17 59 13 9 2 87 40 95 4 70 76 74 51 24 89 12 52 1 34 18 46 43 55 97 75 5 23 71 80 7 88 79 49 56 45 53 98 66 41 32 6 38 29 39 31 99 11 26 36 91 69 83 25 58 57 96 21 77 63 65 48 60
37 16 53 76 52 31 92 22 63 78 56 23 44 62 83 12 27 6 89 1 72 29 90 11 96 46 59 42 98 19 86 66 38 36 48 82 14 30 51 74 50 80 9 21 41 40 75 64 28 67 49 18 77 8 68 69 81 39 25 47 13 85 97 70 93 55 10 15 73 17 5 54 71 33 84 20 34 95 99 58 91 79 57 60 35 4 32 43 88 2 94 26 87 7 65 61 0 24 3 45
4 75 57 46 14 34 2 68 78 84 47 45 97 20 29 6 51 86 18 73 61 19 88 53 26 67 16 38 62 52 30 15 43 56 55 93 28 91 12 33 92 11 3 60 94 98 87 76 74 25 80 0 44 50 35 17 5 72 42 7 8 23 48 69 36 63 13 39 64 27 99 54 31 89 40 24 22 71 70 82 66 59 49 81 1 96 58 41 95 79 10 90 32 85 77 65 83 21 9 37
55 92 63 65 77 94 26 74 56 0 25 49 41 29 50 73 19 30 31 35 38 67 99 68 82 93 9 95 14 70 10 7 13 40 27 11 48 24 4 72 1 22 17 69 20 66 32 3 5 85 37 60 21 2 34 33 36 57 53 89 16 45 43 18 23 15 44 58 90 88 12 96 39 47 87 71 91 6 42 46 62 52 64 54 97 8 81 84 28 83 80 61 76 86 79 51 75 59 78 98
19 76 37 63 54 31 10 40 27 82 96 46 84 20 93 71 50 92 87 99 97 6 80 13 75 72 52 25 67 5 33 28 74 59 56 98 41 45 23 66 47 53 94 60 95 18 39 86 64 8 62 26 43 91 4 69 42 21 0 49 24 70 61 48 3 73 44 2 29 34 17 81 35 15 78 51 79 12 89 68 16 57 11 9 88 36 30 85 38 55 58 65 90 77 7 22 83 1 14 32
7 91 67 79 28 87 1 69 57 96 31 50 9 92 70 34 97 78 11 53 41 44 29 63 86 38 5 43 93 88 62 98 0 61 27 71 59 30 99 49 46 32 15 42 60 26 89 39 3 77 55 48 33 22 65 95 2 51 16 18 94 23 13 84 45 73 8 10 47 25 83 21 56 85 76 64 14 72 54 40 66 90 35 52 37 58 36 19 20 75 81 80 4 12 68 74 82 24 17 6
64 88 34 49 45 21 30 9 2 42 19 44 14 1 6 26 25 69 48 7 22 31 77 98 59 70 12 58 0 24 96 56 62 55 23 40 63 71 50 72 43 13 81 46 35 33 3 53 27 37 36 68 60 86 38 54 51 52 89 10 99 28 82 83 87 85 18 78 92 17 97 11 29 75 47 90 8 39 76 74 4 20 16 32 80 91 94 67 15 73 65 79 57 66 61 5 93 41 95 84
21 64 76 1 52 39 9 84 37 10 93 90 66 17 60 81 54 41 25 94 86 26 36 68 46 91 58 42 20 33 32 74 82 53 0 4 2 3 75 11 62 50 88 80 96 34 27 12 28 14 51 59 70 98 79 22 67 43 95 8 31 44 83 13 6 55 30 56 72 78 69 85 61 99 71 73 38 57 97 48 16 19 35 23 87 49 18 92 77 29 63 65 24 5 47 7 40 15 45 89
2 48 45 30 92 10 70 56 9 90 46 37 14 59 36 44 60 51 11 42 12 95 82 15 1 54 8 7 20 64 3 53 29 99 52 87 31 24 69 68 67 80 84 94 93 79 39 25 55 91 26 73 88 18 72 13 17 6 62 98 81 74 34 4 19 86 21 38 66 23 61 78 85 40 5 89 33 63 65 16 71 97 35 27 47 32 77 49 75 28 58 76 43 50 57 0 22 83 96 41
81 25 67 57 84 3 18 28 35 71 20 23 86 60 92 5 72 32 66 49 16 8 39 88 79 83 42 40 46 0 56 97 10 17 37 69 54 27 80 44 34 63 64 82 50 94 68 9 24 26 96 85 87 75 47 55 91 74 15 73 51 21 4 11 6 76 65 58 59 19 93 61 78 2 12 52 33 70 62 77 14 13 36 48 98 99 22 29 45 31 41 95 30 1 53 89 7 38 43 90
94 1 26 2 43 79 15 9 99 29 76 31 22 65 68 61 87 3 38 14 45 90 46 96 95 10 67 70 20 36 34 33 86 56 53 25 97 98 73 50 8 39 51 6 92 52 13 16 24 5 27 48 40 71 78 64 81 63 58 54 77 93 19 74 37 12 88 0 59 21 23 72 69 84 44 62 47 35 83 49 80 75 30 28 55 82 11 57 17 85 41 66 91 7 32 60 42 89 18 4
87 12 25 39 48 5 57 75 0 79 26 92 97 18 98 99 65 45 28 63 86 64 94 44 9 53 89 20 19 93 70 54 77 43 95 59 71 14 30 51 42 74 4 24 15 40 55 17 68 21 29 78 60 50 82 52 41 8 10 6 72 27 1 49 46 38 58 32 80 67 90 47 56 37 62 36 22 33 34 61 16 76 3 35 13 2 7 88 83 23 84 73 96 69 66 81 85 31 91 11
3 26 23 12 61 73 40 77 0 21 22 27 29 76 95 58 37 96 89 92 88 51 31 15 63 32 7 9 75 56 10 25 52 54 44 34 19 8 79 57 14 48 90 82 49 93 6 67 39 4 62 18 38 53 84 99 2 80 30 81 5 60 83 70 28 69 46 17 98 59 86 97 50 74 43 71 1 45 68 35 72 55 20 87 36 47 41 66 11 16 65 91 24 13 33 85 42 78 64 94
15 48 98 17 29 59 85 13 84 49 78 61 9 57 52 32 71 2 95 68 83 99 34 43 93 73 31 54 28 42 23 82 94 62 19 7 18 26 53 0 81 96 60 69 1 56 64 51 27 36 8 87 72 65 35 11 67 45 66 25 16 97 37 91 76 4 74 39 41 44 30 75 55 6 86 46 20 63 5 77 24 21 50 88 89 33 80 90 40 3 14 70 12 38 79 92 10 22 47 58
4 20 87 11 85 30 44 21 90 34 33 36 28 84 48 3 13 61 9 94 23 97 65 95 25 2 75 57 42 67 5 16 88 40 74 27 66 47 73 43 50 80 41 8 37 78 29 0 91 10 22 46 63 15 18 31 96 6 32 53 71 69 64 14 86 59 17 35 38 72 92 58 83 93 51 26 7 79 45 68 77 82 98 60 70 49 56 19 76 39 89 54 1 81 62 55 99 12 52 24
31 80 18 41 62 34 37 54 20 40 12 58 60 61 22 74 0 91 59 73 95 49 36 50 88 99 35 19 92 82 45 72 69 21 76 42 44 25 53 79 97 15 78 23 67 7 14 30 75 9 71 85 86 90 8 63 56 5 39 96 93 87 10 38 43 84 66 17 27 65 1 51 3 46 55 16 13 29 33 32 68 47 28 94 24 64 70 2 48 89 4 26 77 52 98 81 57 6 83 11
38 80 66 75 20 23 14 84 67 95 36 3 63 58 0 90 61 85 94 4 78 44 71 49 11 69 17 99 57 9 16 2 37 41 42 82 33 77 5 64 54 29 6 18 65 52 53 34 25 10 98 81 56 47 40 59 91 88 27 13 83 15 1 46 22 55 70 31 7 92 93 21 12 68 62 96 26 79 73 30 35 87 89 45 32 39 19 24 8 28 76 72 97 51 86 50 74 43 48 60
51 38 65 25 20 93 80 87 88 34 16 75 59 11 79 39 40 33 22 0 44 60 41 70 7 73 24 45 97 17 82 92 21 74 6 52 66 68 31 85 13 76 72 30 27 94 23 36 56 35 69 84 47 89 48 53 77 43 98 57 50 67 61 54 64 58 90 46 1 19 29 26 32 3 15 63 2 95 83 81 5 18 78 86 8 62 96 10 28 91 49 9 55 4 99 12 42 71 14 37
8 17 43 96 49 39 67 77 18 72 29 13 38 0 53 78 52 34 91 90 94 22 56 11 62 6 50 69 81 88 35 12 2 84 65 73 42 54 41 32 10 85 36 93 97 19 82 99 9 14 7 57 27 64 60 47 23 59 86 5 3 70 89 98 24 21 15 26 45 58 25 68 92 95 87 55 80 20 51 40 76 31 48 4 37 74 83 44 28 63 16 71 46 1 61 75 79 33 30 66
10 2 62 96 22 24 74 36 27 28 48 54 85 9 35 56 42 81 84 44 58 61 13 78 86 65 43 30 87 91 11 26 69 97 16 20 83 37 7 59 71 5 33 32 72 0 92 46 82 94 66 47 50 25 12 77 3 17 52 39 41 21 73 67 55 75 63 34 40 8 15 31 88 57 98 14 4 45 23 93 49 70 89 79 6 53 95 38 76 18 64 80 51 19 99 68 60 90 29 1
45 89 43 24 1 9 81 29 80 5 40 85 92 16 63 30 78 32 13 15 10 95 98 66 86 59 72 64 75 2 62 79 31 83 90 4 91 44 3 93 34 26 82 33 55 6 20 47 48 46 28 60 88 57 77 27 35 94 61 99 70 84 17 7 76 67 25 49 69 12 14 41 87 8 53 97 39 42 56 0 38 22 11 73 36 54 50 19 52 68 71 65 21 18 74 23 58 96 37 51
0 44 43 87 12 52 85 37 76 18 90 8 42 89 82 80 71 30 28 58 15 3 69 45 34 98 70 50 77 40 10 17 38 5 1 66 88 62 46 26 25 84 47 60 74 16 39 2 65 19 22 83 78 96 7 75 72 27 54 53 86 99 92 6 11 61 81 93 14 41 48 13 64 32 33 94 20 31 35 68 73 9 59 97 21 4 24 91 79 51 67 63 95 36 49 23 57 56 55 29
65 85 63 67 16 66 97 48 19 95 60 24 1 11 87 98 96 17 18 56 40 86 57 94 73 3 46 90 71 39 81 0 43 26 25 70 22 64 50 88 28 7 69 9 36 23 4 29 72 61 6 35 13 52 53 10 41 30 33 83 68 34 93 31 42 20 92 78 45 21 74 51 84 54 80 47 5 76 49 82 27 38 58 99 75 12 32 37 15 79 55 59 14 89 2 77 8 91 44 62
97 34 70 98 28 58 91 19 69 52 2 4 61 12 81 49 68 54 33 77 72 0 6 45 90 57 85 32 44 87 21 92 18 31 67 13 39 27 63 40 59 86 48 36 99 79 8 35 76 51 22 30 55 10 56 11 38 50 62 65 5 82 16 96 25 94 75 37 41 93 20 74 84 42 78 43 9 60 1 17 24 7 29 64 15 83 88 26 53 46 66 80 23 47 89 73 14 71 95 3
81 72 90 43 42 52 36 83 80 20 4 3 88 1 86 45 79 62 75 73 64 37 71 84 95 26 51 96 22 59 16 10 23 93 53 99 87 92 61 21 63 38 82 39 34 94 29 11 18 98 78 55 57 54 19 69 25 15 30 5 48 97 65 67 31 89 24 14 46 77 17 49 47 13 91 58 0 8 50 56 12 28 6 9 32 27 41 60 35 70 68 76 2 44 40 33 66 85 74 7
51 68 87 40 64 97 85 79 1 82 49 38 72 33 76 48 35 32 36 96 74 15 61 12 26 89 43 10 60 69 22 21 83 23 65 6 50 24 14 59 0 2 73 41 78 94 31 92 7 86 5 17 37 45 81 39 54 62 20 99 53 91 46 47 88 29 55 34 19 27 42 67 63 3 80 98 71 93 30 28 4 70 77 58 90 66 13 9 57 95 56 25 8 75 44 16 52 11 18 84
36 3 72 86 65 49 56 8 42 87 85 50 69 90 99 1 25 92 15 81 80 93 76 57 4 61 7 66 60 73 0 27 28 59 6 43 47 64 20 68 24 26 89 34 45 84 70 52 54 40 33 91 19 88 55 71 9 58 96 67 12 63 17 35 14 78 5 18 51 46 16 75 32 39 21 13 74 2 22 11 83 79 29 82 53 23 98 41 31 37 30 44 10 94 62 97 38 95 48 77
88 69 14 71 80 19 26 16 61 97 91 53 32 0 55 54 96 7 38 73 48 94 66 99 23 20 30 95 17 22 49 84 72 86 24 74 3 1 13 8 87 33 11 92 9 90 85 6 40 44 70 65 82 93 4 76 63 50 25 36 35 51 27 58 59 29 75 46 28 10 56 67 41 45 42 60 83 12 79 64 21 18 39 78 47 77 68 15 98 37 34 52 62 31 43 89 81 2 57 5
58 64 50 77 23 96 76 72 78 44 6 99 60 0 37 11 9 29 62 87 19 17 26 82 42 95 74 3 67 88 63 46 66 41 30 31 13 75 94 70 56 22 98 45 1 21 34 16 8 33 15 24 43 97 86 69 91 47 18 57 48 84 12 40 59 39 51 36 65 73 5 54 80 38 10 92 25 4 14 52 55 83 71 61 53 20 32 68 7 49 81 28 90 2 89 85 79 27 35 93
64 30 72 81 3 57 89 98 20 51 85 5 48 91 43 73 7 94 69 37 41 10 78 75 55 8 39 62 42 80 28 66 32 90 93 21 79 16 59 53 13 27 12 50 96 63 92 18 9 23 76 74 0 15 4 1 11 88 60 87 6 47 71 52 68 40 65 17 25 44 31 45 84 83 33 34 56 70 67 61 38 97 36 14 46 49 35 24 19 86 54 82 2 99 26 22 58 77 29 95
98 69 2 16 9 61 47 55 34 67 49 59 25 85 63 42 91 12 68 5 82 74 31 48 87 28 33 35 24 56 11 17 72 45 27 39 94 96 60 64 86 76 92 29 1 77 43 50 18 62 20 41 80 3 75 38 97 54 93 70 26 30 51 83 21 46 81 53 66 58 0 19 79 32 4 57 13 6 14 95 7 89 78 99 44 84 36 8 90 40 71 37 65 10 22 15 88 52 73 23
52 13 86 43 46 25 22 54 99 82 28 90 8 53 94 69 77 79 1 80 49 14 0 37 48 92 71 56 76 66 75 5 30 21 45 6 64 88 65 33 2 36 32 68 20 81 63 24 95 41 10 51 87 47 39 59 40 57 31 29 50 18 9 93 96 74 19 17 98 42 3 23 27 89 15 84 61 60 7 34 78 91 4 97 26 38 83 70 72 11 16 12 85 35 58 44 73 55 67 62
78 67 47 82 42 50 23 80 17 60 31 62 26 10 86 44 85 35 90 40 64 49 76 97 27 53 14 89 41 91 15 61 88 36 0 84 37 16 13 79 18 28 22 56 24 45 66 71 96 74 92 32 95 55 68 81 59 8 51 77 73 98 93 39 19 69 57 58 5 25 34 70 94 54 65 72 46 21 20 7 6 3 83 52 29 30 4 9 1 87 33 12 2 48 11 99 38 63 75 43
48 2 39 22 77 64 99 46 88 29 0 68 56 89 62 4 55 36 83 92 45 9 86 3 60 72 98 52 12 58 27 19 51 33 70 38 97 31 87 8 26 13 74 7 11 28 34 40 25 24 71 44 14 59 95 1 49 81 16 6 43 63 47 37 91 30 73 57 90 42 93 5 76 79 23 50 10 94 18 61 17 80 69 35 53 54 32 96 15 85 41 21 65 20 78 67 66 84 75 82
45 21 19 55 68 33 31 58 11 63 26 80 76 25 39 6 38 41 13 87 17 75 46 32 66 22 79 40 81 4 44 53 94 3 69 97 71 7 8 24 50 30 64 43 93 99 27 10 85 56 60 48 20 65 49 78 72 2 0 16 47 36 37 51 57 95 29 52 84 35 34 14 28 91 77 59 9 62 86 70 54 5 98 42 89 18 73 67 74 23 12 15 1 82 61 90 83 92 88 96
38 19 67 85 36 51 76 9 6 39 15 28 5 42 81 11 44 75 52 17 33 10 40 30 0 87 63 77 65 4 43 95 22 18 92 98 37 86 68 46 34 70 99 26 31 97 47 91 29 64 35 2 48 78 83 55 90 12 25 57 13 50 27 88 23 49 89 45 7 73 84 79 32 1 20 93 61 56 3 82 94 72 74 80 54 59 96 60 66 53 69 71 24 58 8 41 21 62 14 16
8 32 27 81 75 74 51 50 92 90 65 55 97 17 82 30 94 88 58 95 79 66 98 60 13 91 46 87 10 86 12 57 40 15 24 25 78 28 33 69 2 59 5 77 34 35 9 22 38 43 48 96 26 36 61 18 62 54 99 72 6 23 56 31 37 20 47 16 4 67 14 70 71 3 52 7 1 85 42 89 53 73 0 93 21 29 11 41 44 76 19 80 49 83 45 63 68 64 84 39
93 26 98 3 83 22 8 7 60 35 55 23 13 18 69 59 71 43 89 76 38 84 6 66 74 24 37 39 12 33 53 75 4 67 63 51 96 5 79 77 65 87 62 70 30 31 15 20 81 80 50 48 27 88 46 64 57 45 16 85 28 73 21 92 78 61 54 95 1 9 90 58 47 14 40 49 68 41 42 72 29 44 2 97 52 25 36 11 82 32 10 34 56 19 91 94 86 0 17 99
84 4 14 54 94 34 1 97 37 64 60 74 88 82 85 73 7 87 42 51 15 77 40 6 76 30 47 67 45 69 83 19 32 27 56 2 10 11 91 35 78 36 65 90 55 66 28 96 92 5 23 33 62 71 44 18 16 38 8 21 31 12 25 13 24 72 50 48 79 93 68 63 59 17 46 20 89 26 9 3 43 95 52 86 99 75 58 70 61 39 53 22 29 57 81 98 41 49 80 0
23 50 14 53 39 71 93 37 18 42 45 19 64 75 87 4 30 59 24 86 79 74 25 12 60 82 1 5 22 72 3 77 35 47 16 29 8 33 89 68 69 78 44 2 88 20 52 81 65 26 54 46 84 73 15 31 67 94 57 80 91 55 90 0 95 97 66 70 48 99 21 7 85 92 62 51 63 13 28 40 61 6 58 38 10 27 43 34 11 83 98 96 9 41 49 56 76 36 17 32
70 12 97 3 32 31 61 24 7 57 48 92 89 74 47 66 38 54 11 17 77 58 41 63 69 53 9 5 76 90 60 6 82 40 19 51 50 85 83 33 16 73 20 65 87 42 28 64 18 96 80 59 98 29 49 36 55 27 62 21 23 37 67 39 10 8 15 93 68 99 4 78 95 86 46 14 79 34 0 52 30 2 94 1 56 71 44 43 13 88 84 91 22 75 81 45 25 35 72 26
85 83 25 59 35 28 62 65 89 20 11 61 63 23 4 71 40 42 50 9 30 18 95 54 10 98 68 48 60 19 70 22 29 66 73 53 80 32 37 21 75 52 13 44 0 5 17 43 33 14 26 94 91 88 16 93 2 46 90 31 87 67 72 92 51 12 55 57 45 36 69 8 3 97 76 82 79 38 15 58 39 24 96 34 1 49 64 7 56 6 78 47 81 77 27 74 84 41 86 99
68 95 94 39 48 88 16 57 5 45 4 8 79 67 0 75 59 31 87 51 74 98 84 66 32 80 62 81 27 22 15 70 78 7 56 43 38 12 26 29 41 37 40 44 46 23 76 60 90 24 2 13 47 30 64 10 6 99 9 54 55 21 82 20 42 35 89 50 52 11 86 92 25 91 58 61 49 17 33 18 53 63 3 96 34 97 28 65 77 71 73 72 85 93 69 36 19 14 1 83
53 37 79 92 97 23 50 8 4 20 77 35 16 85 91 47 71 99 93 43 29 62 72 87 42 86 56 89 1 74 70 63 40 3 84 10 67 57 88 98 21 32 44 39 17 69 76 13 41 94 90 55 14 58 96 34 83 12 52 65 45 61 68 66 59 46 11 7 5 9 48 25 28 60 75 0 36 38 49 18 31 78 81 82 24 80 15 51 30 6 95 22 33 64 73 19 54 27 2 26
82 30 43 74 79 25 18 42 56 62 41 50 11 71 98 4 0 39 26 89 17 20 32 47 33 70 77 7 94 31 36 75 29 21 97 8 72 48 65 38 96 52 2 63 12 95 40 19 66 44 78 13 69 1 91 86 80 46 53 67 76 58 37 54 85 45 61 6 59 22 24 27 49 3 83 90 92 15 68 84 57 88 55 93 14 73 35 87 5 64 28 34 99 23 10 9 51 16 81 60
3 61 79 47 46 7 88 94 1 31 90 40 83 43 51 91 6 86 5 16 96 64 44 48 70 54 27 69 2 39 13 11 10 22 74 29 15 24 73 49 8 21 62 99 97 34 72 81 42 26 95 57 71 32 33 75 17 52 53 78 59 67 58 19 0 84 37 20 65 18 36 30 55 68 35 93 41 80 25 12 56 66 77 89 45 38 76 14 50 92 85 28 63 98 87 4 23 9 60 82
45 94 0 49 41 98 28 46 8 91 44 80 79 27 90 15 84 53 6 74 32 60 14 25 55 37 2 43 99 26 58 33 76 36 67 39 86 29 92 11 56 64 51 70 7 65 72 50 23 96 13 20 63 3 61 22 62 82 5 54 40 69 24 95 30 4 35 42 57 9 87 77 34 89 38 18 10 73 75 12 16 66 78 59 31 71 52 81 17 1 47 85 21 83 19 68 93 48 88 97
87 57 96 41 98 88 91 13 71 86 59 55 83 85 62 65 49 70 11 66 17 43 80 54 34 78 46 77 29 2 30 81 3 69 75 25 92 63 10 16 42 76 4 1 89 38 51 72 15 95 22 40 74 0 24 27 94 20 48 97 12 23 45 67 5 7 84 82 73 33 93 19 28 58 31 26 68 18 39 60 50 21 6 44 47 56 79 35 64 8 99 37 9 52 36 14 53 32 61 90
66 75 5 37 79 95 48 19 57 22 16 59 4 58 96 89 29 10 84 43 33 28 21 38 26 24 91 81 1 6 39 69 77 70 54 83 56 49 13 17 97 47 86 9 42 15 72 34 88 8 30 60 61 68 80 51 65 73 64 45 63 27 14 31 46 12 32 55 71 85 25 94 92 74 99 93 87 90 50 36 23 2 11 0 3 76 44 78 7 62 20 41 82 35 67 18 98 52 40 53
23 69 97 71 46 15 94 84 66 81 45 73 55 61 91 74 80 36 47 77 58 20 99 63 59 60 52 37 93 8 49 67 48 4 10 27 39 38 88 96 31 41 43 76 35 53 82 14 83 65 70 42 16 6 92 90 68 13 40 62 19 17 72 54 0 87 95 56 29 2 24 3 86 50 30 98 26 75 18 28 11 12 78 85 79 1 25 5 51 34 32 57 89 64 7 21 9 33 22 44
98 24 91 43 40 73 82 47 88 5 41 15 94 92 23 64 22 0 66 93 3 8 85 35 42 79 46 78 97 10 51 53 31 59 9 36 26 95 56 68 81 17 77 76 38 61 14 57 90 54 27 30 18 74 4 75 37 6 89 52 86 25 99 1 71 63 11 80 55 28 96 49 65 29 83 84 34 50 20 45 2 16 7 39 60 72 58 13 32 62 67 33 70 19 87 12 48 44 69 21
10 29 76 97 58 92 6 62 35 54 60 67 19 79 4 77 13 73 63 96 22 78 12 83 20 59 89 7 50 23 9 82 34 30 1 5 48 71 46 81 15 21 37 84 44 3 95 2 47 65 11 90 98 40 0 56 80 8 33 75 70 27 53 49 16 25 94 43 32 51 39 57 66 87 72 28 24 18 36 17 69 61 74 93 68 45 55 26 31 86 52 14 91 88 64 85 41 38 42 99
84 54 32 93 75 85 95 65 36 3 52 92 33 70 22 55 47 63 25 9 43 94 0 7 87 50 41 77 29 78 19 14 1 57 53 97 40 98 89 49 61 23 71 91 48 21 80 79 66 44 28 39 74 59 30 51 58 46 56 83 4 11 76 67 24 86 15 69 68 62 34 13 82 42 6 16 72 60 45 37 35 81 90 73 20 26 99 2 10 12 5 18 96 31 17 27 38 64 88 8
53 14 92 40 86 15 80 67 63 88 24 75 17 87 89 43 95 36 50 51 33 38 39 19 62 47 84 99 9 31 94 27 76 28 11 65 93 5 37 66 23 49 20 85 82 48 10 2 71 41 12 73 70 83 7 57 91 81 69 96 78 45 61 90 0 97 46 74 77 44 29 1 32 72 59 55 60 21 4 25 13 3 18 22 56 6 52 79 16 98 64 35 34 42 68 26 54 30 58 8
39 16 2 40 18 67 59 17 89 37 3 86 50 78 43 15 30 35 54 80 87 57 71 8 85 25 6 76 31 49 62 13 79 48 42 11 9 14 77 4 64 88 27 1 22 92 19 90 5 56 46 73 38 97 26 51 65 75 58 33 52 83 53 96 45 7 94 81 93 63 23 82 28 99 41 34 68 21 10 72 95 98 66 84 55 12 0 60 44 69 24 70 91 20 47 29 36 32 61 74
57 91 36 22 55 69 0 34 97 27 51 35 56 65 39 54 41 63 68 37 72 28 82 62 67 64 49 8 75 21 88 60 10 43 19 20 95 40 38 58 25 53 31 13 44 80 98 70 45 7 86 66 79 48 47 29 5 89 74 16 1 4 71 2 46 78 94 90 52 81 9 61 14 77 18 32 6 33 84 59 3 93 50 15 99 26 85 76 30 12 92 24 83 23 87 11 42 17 73 96
39 44 9 40 76 98 26 79 56 10 12 90 83 85 38 19 24 65 75 68 88 33 78 87 34 37 7 31 49 0 46 66 22 16 89 27 2 84 60 51 41 53 13 45 73 21 36 28 82 23 62 54 94 14 47 15 32 69 48 61 57 64 43 1 42 50 74 11 93 67 18 29 58 4 3 55 97 91 95 30 71 5 52 59 63 20 80 96 70 81 8 92 35 6 25 72 77 86 99 17
80 26 28 32 3 4 87 48 78 30 29 64 31 85 88 9 17 82 93 69 41 8 97 50 95 61 39 1 20 13 36 86 5 16 54 60 14 79 57 56 81 19 73 49 10 47 94 21 62 15 33 2 96 44 71 90 53 70 77 91 35 52 63 27 43 34 25 7 0 37 76 65 40 11 12 83 67 72 6 22 68 38 89 84 55 24 98 99 74 45 42 51 59 58 66 46 18 23 75 92
91 49 0 52 92 93 32 27 12 98 46 40 84 53 16 86 36 55 14 51 42 18 97 9 66 17 37 88 74 10 67 34 62 33 77 29 26 25 63 45 60 11 72 15 73 5 96 23 57 43 79 61 54 38 4 28 6 20 56 83 69 59 35 82 44 81 90 87 48 68 31 76 99 64 58 24 71 3 2 78 75 65 19 22 21 80 13 1 7 50 89 94 85 47 8 70 30 95 39 41
83 0 49 3 27 60 31 40 26 58 78 80 36 70 34 37 1 33 5 73 43 99 62 10 52 47 29 91 53 35 86 41 84 77 8 28 16 87 63 90 48 95 44 82 56 39 92 2 21 72 20 74 93 46 69 65 18 23 66 76 85 12 98 81 51 97 88 14 19 22 94 30 68 57 4 45 13 9 79 89 6 50 96 24 59 15 71 54 64 17 32 55 75 38 7 67 61 25 11 42
