50
5 31 29 10 3 48 25 38 6 15 11 4 37 13 36 47 19 49 34 41 9 42 2 18 1 0 17 7 30 23 46 21 39 35 45 14 20 28 32 24 40 44 43 16 22 8 12 26 27 33
27 28 43 29 15 25 1 6 45 17 8 47 0 40 32 36 12 11 18 24 41 2 35 21 46 3 38 42 14 31 34 39 33 23 20 4 22 44 13 9 48 26 19 30 49 7 5 37 16 10
14 0 48 41 18 22 17 47 34 35 8 16 2 33 42 11 27 38 32 23 7 19 6 37 46 10 26 24 31 3 40 39 36 45 5 4 20 29 9 49 15 28 43 44 12 21 30 25 13 1
22 35 23 5 13 37 20 14 12 15 26 7 48 43 27 18 19 28 25 44 2 6 41 10 8 34 0 30 9 3 31 24 39 36 40 32 33 17 16 4 47 42 45 21 46 1 29 11 38 49
46 6 37 18 5 3 19 29 28 20 32 13 16 12 35 0 43 27 39 26 14 33 31 8 24 47 11 17 48 49 21 4 23 44 41 40 9 42 1 2 22 34 38 45 15 36 30 25 10 7
47 46 30 37 35 45 22 36 48 31 2 16 38 27 39 0 1 33 25 6 17 40 44 49 34 8 14 10 29 28 3 41 12 18 4 42 19 43 23 9 21 7 11 13 15 32 20 5 24 26
26 10 49 19 47 3 31 18 43 39 17 33 20 46 4 7 48 36 1 38 23 29 14 27 25 44 37 40 9 2 8 22 32 28 24 12 11 41 5 35 45 15 42 6 16 13 21 34 0 30
3 11 42 38 35 45 25 0 17 24 36 46 4 28 27 30 18 10 37 49 1 23 5 32 40 14 12 48 31 21 22 13 43 29 26 15 47 8 2 19 9 34 7 44 41 20 6 33 16 39
24 9 33 2 38 30 32 13 12 16 42 40 23 5 46 41 44 43 4 7 26 18 8 39 19 6 22 47 29 11 1 34 3 17 31 27 49 10 48 35 25 0 45 36 21 20 15 28 37 14
31 41 47 14 16 0 10 8 23 29 27 9 17 20 39 43 3 48 21 15 5 40 33 37 49 36 2 4 32 24 26 34 45 25 46 30 11 42 38 13 6 18 19 35 28 1 12 22 7 44
45 43 39 4 9 36 32 15 10 6 48 38 31 24 3 1 46 47 23 11 28 29 49 8 18 20 27 25 34 13 22 16 33 0 35 26 14 5 7 21 40 2 44 17 12 41 19 42 30 37
8 38 25 27 2 49 14 43 46 21 7 13 17 44 34 45 16 29 9 47 4 15 0 30 36 24 5 31 32 42 40 26 11 48 33 20 19 22 1 37 3 35 12 28 23 41 18 6 10 39
3 47 16 5 7 13 35 44 26 49 39 14 30 37 33 8 48 32 28 24 20 12 34 17 19 1 38 11 31 21 10 6 4 42 25 0 29 43 22 9 15 27 2 41 46 23 36 40 18 45
35 48 27 0 5 22 42 9 3 4 16 18 15 30 13 20 44 37 21 17 28 39 46 8 1 24 47 40 14 41 36 33 19 2 23 25 49 6 26 7 38 12 45 11 43 10 31 32 29 34
48 25 42 15 49 22 7 33 26 1 4 2 5 34 3 18 24 32 44 47 10 41 8 37 16 11 17 46 27 9 35 0 23 13 14 45 39 6 36 21 43 29 30 31 19 28 20 40 12 38
17 23 35 33 24 45 16 49 22 4 0 28 21 6 2 10 43 38 15 25 42 19 12 30 9 5 13 1 26 31 7 41 8 27 11 37 34 46 3 48 14 20 40 36 18 29 47 39 32 44
39 47 25 12 22 19 46 44 43 36 33 7 4 17 2 18 30 23 15 26 0 40 21 41 5 38 16 1 42 37 34 32 28 6 9 10 27 8 49 11 35 48 29 31 13 45 20 14 24 3
17 33 5 45 7 46 42 35 11 1 15 47 41 24 39 19 26 43 37 34 9 44 30 27 21 31 23 38 8 40 16 0 2 25 20 3 4 12 32 6 18 36 13 49 29 22 10 14 28 48
0 19 26 20 14 37 12 44 32 42 27 6 1 29 2 46 48 21 13 25 16 36 9 7 31 24 41 35 23 49 4 5 17 8 3 40 18 28 39 30 43 10 15 47 34 38 11 33 22 45
18 20 16 10 29 12 42 11 38 35 31 8 19 13 22 36 47 6 46 40 49 23 27 37 3 15 7 44 45 4 33 5 30 2 9 24 17 25 32 26 43 21 48 0 1 28 41 39 34 14
28 12 36 10 34 49 38 47 45 29 37 33 9 25 11 6 30 20 43 40 16 46 17 41 31 13 27 21 24 5 19 7 1 35 26 42 32 39 23 18 4 2 48 22 0 8 14 15 3 44
2 3 32 40 29 5 23 41 49 18 8 14 21 7 31 33 16 46 44 15 36 12 27 45 10 34 26 25 1 19 4 24 30 48 39 37 43 6 42 47 0 9 13 20 28 35 17 38 22 11
8 2 29 32 13 37 17 33 11 42 34 39 30 10 12 7 31 21 1 4 25 6 38 49 27 28 15 44 47 23 36 3 26 45 20 16 40 14 24 22 43 0 48 41 18 19 46 5 9 35
22 30 13 14 20 26 39 5 45 47 1 4 46 44 11 32 49 34 12 17 24 40 7 35 23 38 27 3 28 42 15 43 31 21 25 10 33 41 6 19 37 29 48 9 0 8 36 18 2 16
5 38 1 4 15 37 48 26 9 36 10 22 20 11 28 0 16 2 40 3 46 23 42 43 19 34 31 6 45 30 29 41 44 24 13 47 49 32 8 18 27 12 33 25 7 17 14 21 35 39
7 4 15 11 16 6 32 18 9 44 30 33 41 2 17 13 47 46 19 24 5 45 0 22 10 38 8 40 48 42 20 3 26 14 34 23 37 1 49 27 43 36 28 31 21 35 12 25 39 29
15 35 30 0 9 13 5 34 18 46 47 3 17 38 27 31 25 37 21 20 39 10 8 2 4 42 49 41 40 24 33 11 36 1 14 6 23 22 29 28 45 12 7 19 32 16 43 48 44 26
0 21 47 26 3 33 22 31 28 19 49 25 30 14 10 29 35 39 8 11 9 45 15 48 7 43 6 32 4 23 40 2 41 16 18 1 38 36 24 5 34 12 27 37 17 13 44 46 42 20
12 46 5 17 10 49 8 42 48 45 23 13 33 47 41 32 30 19 14 16 31 27 35 28 15 4 22 39 40 29 2 11 9 25 37 26 3 6 0 18 36 21 1 44 7 24 43 38 34 20
36 3 20 2 23 7 29 15 49 32 8 21 26 41 18 12 48 9 47 27 25 0 31 33 37 13 34 44 17 39 6 28 14 40 46 35 42 19 43 30 4 11 5 10 1 22 16 24 45 38
49 5 29 16 42 26 23 18 36 1 45 4 22 47 2 3 31 25 28 10 46 48 17 24 32 20 40 21 43 8 6 34 41 35 11 7 33 30 39 15 37 38 44 0 13 12 27 9 19 14
31 18 24 21 6 8 7 39 17 47 27 41 42 25 15 4 3 33 48 45 34 26 12 32 28 13 19 0 46 36 14 5 23 10 20 1 38 2 11 49 43 44 37 35 22 9 30 16 29 40
5 15 10 7 34 22 43 17 6 45 33 29 42 47 44 20 37 48 16 23 24 49 46 36 3 27 2 32 25 18 1 19 9 12 38 31 40 14 0 13 41 4 11 35 21 30 8 28 26 39
47 19 11 23 12 5 17 18 49 8 36 13 32 22 29 4 16 46 20 34 10 14 48 44 24 21 45 40 38 6 27 15 31 37 26 9 1 41 42 3 43 7 28 33 2 25 39 30 35 0
14 24 15 6 45 36 39 35 49 21 0 47 20 37 44 43 11 40 33 34 3 13 1 22 16 12 19 41 29 18 31 9 5 46 48 38 4 32 10 8 26 27 7 25 42 2 17 30 23 28
34 9 16 7 6 2 11 4 41 5 40 12 45 33 31 23 32 0 26 17 20 24 18 42 10 14 30 47 1 19 38 22 8 39 44 48 37 28 35 36 3 21 27 25 13 15 49 46 43 29
7 18 17 33 36 29 30 45 27 48 0 38 43 44 9 20 49 47 5 25 21 3 24 14 28 42 22 8 39 10 4 23 41 1 35 15 26 12 37 6 13 32 19 2 16 11 40 46 34 31
37 48 28 23 43 30 18 19 9 36 49 0 26 45 29 13 15 42 24 41 22 17 39 33 1 10 7 35 38 27 34 20 40 6 14 4 47 2 46 3 5 25 11 44 31 32 16 8 12 21
48 14 9 21 44 46 47 26 35 33 4 20 7 29 30 11 37 2 24 18 12 8 38 31 27 6 0 49 13 45 43 41 39 23 36 25 19 17 10 32 16 15 3 42 22 40 34 28 1 5
15 28 5 25 4 20 17 24 44 26 46 9 10 35 48 22 14 6 1 31 43 19 7 0 18 2 32 49 33 36 27 21 12 30 40 23 13 34 16 42 45 8 3 41 47 29 37 38 39 11
11 0 33 34 20 43 39 24 21 5 22 3 6 4 1 14 26 49 28 17 37 8 41 18 9 19 16 27 30 38 25 35 23 44 2 40 29 13 45 48 36 31 46 47 15 32 7 42 12 10
21 12 34 2 7 41 9 49 5 0 29 20 28 16 45 39 27 30 3 40 38 35 32 46 37 23 42 36 31 43 13 14 8 11 10 15 25 4 26 24 33 6 22 19 17 48 18 1 44 47
42 0 48 17 32 23 46 45 16 22 35 1 24 27 41 19 14 30 9 21 7 33 39 43 25 10 4 47 13 38 44 29 5 8 3 34 36 40 18 37 12 11 49 6 31 28 15 2 20 26
46 28 5 13 9 19 18 45 39 40 29 30 27 25 1 36 6 26 34 11 44 47 41 33 42 31 12 20 14 35 16 38 49 3 0 32 22 15 24 43 21 10 23 8 7 4 37 48 17 2
32 25 4 33 16 40 3 23 37 49 14 44 28 24 43 42 36 20 27 15 2 39 11 0 35 9 21 22 5 31 13 18 19 29 7 6 34 1 17 46 30 47 8 12 45 10 41 26 38 48
26 20 7 14 13 32 39 8 1 24 18 40 11 16 34 33 23 4 19 28 0 41 27 35 48 45 36 5 31 46 2 29 47 21 12 17 9 22 6 10 38 37 44 3 30 49 25 15 42 43
20 39 21 46 31 45 47 44 6 49 37 26 18 27 36 14 13 5 4 41 30 40 43 34 10 9 17 22 42 24 38 12 25 15 28 29 32 3 11 35 23 2 0 48 7 8 1 33 16 19
15 47 5 38 39 14 10 48 8 6 20 7 18 19 16 27 9 46 0 31 26 25 3 11 13 34 44 12 43 40 49 4 2 37 42 33 22 32 30 17 21 1 36 41 24 23 35 29 28 45
38 7 11 2 36 15 44 16 21 47 32 29 9 20 41 35 33 48 25 34 40 6 30 12 5 4 39 49 1 3 19 46 45 18 23 43 8 0 14 37 28 42 13 24 17 27 10 26 22 31
26 44 31 12 38 41 21 37 25 22 29 5 39 19 40 15 4 14 17 23 33 47 36 24 43 32 16 49 35 8 45 3 46 7 42 27 1 20 30 9 48 13 18 0 2 10 34 6 11 28
18 48 0 1 23 30 39 36 29 49 28 37 32 24 13 12 22 15 25 7 6 42 14 27 35 38 46 10 8 16 43 3 26 45 34 17 2 19 47 40 4 21 41 31 11 20 5 9 44 33
40 24 27 21 6 39 28 42 36 38 32 37 0 34 5 18 11 47 19 30 25 16 33 31 13 4 3 7 48 43 35 10 12 8 29 49 41 17 45 1 20 15 44 23 9 2 46 26 22 14
24 9 20 22 44 31 13 48 37 32 1 16 35 26 0 4 33 39 23 12 46 40 36 11 7 3 14 2 15 43 38 34 42 21 27 19 5 17 28 6 41 25 47 29 8 45 10 30 18 49
25 24 37 32 42 17 35 6 10 44 28 18 40 4 1 31 12 26 3 49 46 48 29 38 19 14 34 20 43 5 23 27 36 39 33 11 2 30 0 8 45 15 21 13 47 16 22 9 7 41
11 17 39 36 13 38 14 28 18 25 33 30 29 3 0 27 16 1 48 9 37 26 21 23 5 31 46 40 22 44 24 34 8 19 49 20 41 45 15 7 10 47 32 4 42 43 35 12 2 6
40 20 42 11 17 24 16 1 6 12 34 41 23 45 29 18 48 9 46 26 38 31 43 4 21 0 5 15 7 47 19 28 37 33 35 49 25 27 32 44 36 39 3 22 10 8 13 14 2 30
11 31 36 21 9 14 37 3 24 19 16 39 17 25 23 42 28 27 0 22 12 44 43 41 5 6 13 46 10 18 34 40 30 49 38 48 33 47 35 29 1 4 32 7 45 20 8 2 15 26
48 12 29 41 31 26 35 18 1 11 16 20 28 6 8 15 9 10 44 43 46 13 0 21 19 24 5 7 17 40 45 30 34 39 49 36 4 2 22 33 25 47 3 38 27 23 32 42 37 14
9 25 0 31 42 28 48 34 22 33 27 41 13 11 5 43 39 23 12 44 21 4 2 15 40 10 47 49 45 20 8 32 6 18 36 38 1 37 16 7 3 30 29 24 46 14 35 17 26 19
8 41 6 9 45 13 49 43 28 4 35 24 30 42 10 27 26 23 17 38 3 0 21 44 2 22 36 47 18 14 25 37 40 20 34 16 7 33 29 31 19 39 48 1 5 32 12 46 15 11
39 46 8 18 32 43 38 33 25 0 17 31 3 11 9 49 4 30 47 21 6 36 1 23 2 24 40 42 34 44 27 5 29 28 7 19 13 22 20 10 41 15 14 26 12 16 37 35 45 48
5 7 14 9 22 48 38 8 46 42 3 24 43 44 23 17 11 10 20 30 32 18 40 35 12 26 2 6 28 49 19 36 4 16 37 29 39 13 25 27 45 34 15 1 41 21 47 31 33 0
44 40 16 2 46 14 21 17 48 26 47 39 23 37 19 22 36 34 7 24 43 8 5 29 12 0 31 28 3 33 49 25 30 27 41 15 42 10 6 18 35 11 13 4 1 38 45 32 20 9
16 45 28 14 10 24 31 7 36 26 13 23 38 42 21 25 34 27 43 11 5 22 12 2 1 44 33 46 15 48 40 4 9 39 47 19 18 37 41 49 3 17 32 8 20 30 35 6 0 29
48 23 40 38 32 35 25 36 37 45 4 1 16 27 41 46 7 34 19 11 9 26 18 15 10 12 33 0 49 22 30 2 39 42 6 21 47 44 24 29 3 31 13 14 5 43 20 8 17 28
27 35 14 12 18 41 38 22 19 46 28 49 0 42 39 8 5 16 48 24 33 40 20 34 15 44 45 37 2 32 25 6 7 31 43 13 23 36 3 21 1 9 30 10 26 29 11 17 47 4
9 18 3 12 17 35 6 38 19 24 0 8 44 5 47 28 30 33 34 4 48 45 46 15 14 29 49 37 40 16 1 10 32 23 22 21 27 43 26 41 25 36 42 31 2 13 7 11 20 39
36 29 48 44 0 9 30 22 23 19 26 6 35 25 32 33 4 49 40 7 42 13 47 5 14 2 8 20 24 11 43 37 16 17 38 39 45 12 28 3 31 34 15 10 41 18 27 21 1 46
9 40 25 2 37 4 31 15 19 48 13 29 46 27 42 43 6 7 26 24 22 32 3 8 28 20 34 18 36 17 39 41 16 45 47 23 1 11 5 21 30 49 44 12 38 14 35 0 33 10
9 44 13 47 26 29 37 5 45 12 38 35 11 7 10 24 31 49 48 6 19 4 25 39 14 32 15 42 20 33 22 16 2 21 28 40 41 17 18 3 8 43 30 1 0 27 46 36 23 34
44 10 30 2 36 27 46 35 32 24 25 49 12 11 21 39 13 28 17 34 7 18 16 45 26 4 3 14 38 29 1 8 0 5 37 31 23 47 15 20 43 6 42 19 9 22 48 40 41 33
34 30 29 22 25 47 19 17 37 32 4 5 45 35 38 16 24 21 18 15 26 14 12 3 23 6 40 1 48 31 2 0 9 27 10 39 7 11 28 8 49 43 33 46 13 44 36 41 42 20
20 40 29 37 34 12 38 23 27 4 46 28 31 21 39 19 9 0 2 35 41 6 5 14 7 25 30 44 24 3 13 43 26 17 48 22 47 32 1 15 16 10 8 36 49 33 45 42 11 18
29 0 17 33 24 32 49 8 41 38 27 15 37 9 48 31 1 25 3 16 46 39 4 22 5 12 36 30 45 26 35 21 42 20 2 28 34 23 6 44 10 47 40 11 43 18 7 13 14 19
38 23 49 27 7 2 28 44 1 14 11 46 41 15 22 9 37 48 25 16 26 33 10 34 24 17 13 8 43 39 36 19 18 29 6 31 42 30 3 12 35 20 40 47 21 0 32 5 45 4
42 30 21 9 46 25 1 26 37 16 40 20 18 35 38 10 23 15 34 36 8 4 6 27 5 19 28 11 33 2 31 39 0 32 17 7 22 12 49 43 41 13 47 48 29 45 14 44 3 24
17 41 0 6 7 32 22 23 37 34 10 5 12 33 18 2 16 40 13 3 27 14 29 42 8 48 31 19 21 35 11 49 47 45 15 9 30 20 25 4 26 36 44 1 24 46 38 43 28 39
13 6 14 15 41 34 23 46 22 36 24 33 45 32 28 48 44 42 38 9 30 11 35 0 7 39 17 16 18 21 5 1 29 2 19 20 3 40 8 47 49 31 10 25 12 4 43 26 27 37
11 22 27 37 23 12 46 19 49 29 13 3 16 32 8 14 5 10 42 4 44 39 18 26 15 41 31 17 7 28 40 35 1 20 2 48 38 9 21 6 34 47 24 43 36 0 45 33 30 25
19 36 45 11 5 25 43 49 48 23 16 21 1 13 6 4 15 3 2 27 12 14 26 40 38 18 22 46 37 34 7 35 42 24 32 20 31 41 17 28 29 9 33 39 44 10 8 30 0 47
48 24 36 5 42 21 7 30 13 18 44 6 38 33 19 4 47 37 25 11 3 22 31 9 43 27 41 20 28 49 40 2 46 17 35 29 1 15 39 45 32 16 8 0 26 34 12 14 10 23
40 7 37 9 11 31 38 12 2 46 48 39 32 21 44 42 6 36 35 25 4 5 13 29 49 34 47 15 19 8 18 0 24 14 33 22 45 28 30 43 26 41 3 27 20 17 1 10 16 23
26 3 18 17 23 35 25 20 29 49 5 8 39 31 27 40 36 16 0 2 11 34 24 22 45 28 1 44 13 21 43 42 6 4 46 33 14 7 12 47 32 41 9 37 19 10 48 30 15 38
26 45 44 8 4 3 12 22 47 39 10 0 37 17 18 6 48 21 31 38 40 13 29 33 19 27 28 9 49 43 5 2 23 11 20 15 14 32 46 24 7 41 1 36 25 42 16 30 34 35
4 6 21 20 9 25 43 45 8 39 17 48 11 27 38 40 32 41 14 42 3 29 46 16 31 28 35 12 7 47 49 36 37 30 34 1 10 33 5 18 44 22 15 23 13 24 0 19 26 2
42 11 18 39 26 8 4 32 9 36 17 0 48 24 2 45 41 20 12 5 31 49 27 44 38 16 6 43 37 30 46 33 35 23 28 40 19 21 3 29 1 47 15 22 34 25 14 13 10 7
31 21 19 45 46 42 24 26 0 5 12 43 32 27 39 25 9 16 10 35 47 14 7 8 4 22 18 6 48 29 38 1 17 36 44 20 37 2 41 49 15 34 23 33 13 28 30 3 11 40
13 8 7 30 11 27 42 45 33 5 23 35 10 41 2 38 20 25 16 34 40 12 26 43 31 14 44 39 46 48 29 9 22 17 6 15 49 19 24 37 4 47 32 28 0 36 1 3 21 18
14 40 12 2 32 44 13 6 19 25 21 5 47 42 9 31 29 34 1 7 10 37 49 28 39 41 33 26 36 24 27 30 4 18 22 17 11 23 43 48 8 38 35 0 3 46 20 15 45 16
49 16 22 30 43 12 47 44 25 11 23 0 1 9 31 4 40 15 7 3 29 41 8 17 32 48 42 39 26 6 34 27 24 18 21 37 33 2 20 45 35 5 10 13 46 38 14 28 19 36
21 9 38 20 35 22 6 29 16 43 26 48 24 17 1 23 42 39 40 49 44 28 15 7 45 27 13 25 4 12 11 31 41 3 33 10 37 2 19 8 34 5 32 0 36 14 47 30 46 18
18 33 30 35 7 27 31 47 29 2 6 19 36 24 21 3 8 4 5 48 26 34 49 23 15 17 11 40 10 38 9 1 37 22 39 45 20 46 25 42 14 16 12 41 44 28 32 0 13 43
21 38 7 19 41 32 22 1 47 14 13 4 46 40 9 0 49 36 26 43 37 35 45 33 2 31 29 34 27 30 24 15 44 18 3 16 12 25 39 10 8 5 48 6 20 42 23 28 17 11
2 31 21 14 34 40 45 13 49 19 47 23 0 12 6 9 25 15 33 17 30 36 1 3 11 37 22 42 32 8 27 38 41 43 48 16 35 39 44 10 26 28 46 7 18 29 24 20 5 4
31 26 17 5 41 37 19 34 43 35 45 6 29 4 40 44 49 47 20 2 46 30 42 14 16 33 36 28 32 10 25 1 9 18 11 7 15 23 27 22 21 38 8 48 24 12 3 39 13 0
31 49 46 4 25 0 16 18 27 5 14 2 22 1 11 20 33 26 29 44 28 17 47 13 39 7 37 42 48 45 24 34 9 43 36 40 35 32 10 12 19 21 38 8 41 6 30 3 23 15
2 16 20 5 49 14 27 44 22 39 34 7 9 36 40 28 25 21 48 6 31 29 3 13 19 17 30 23 26 12 47 35 43 33 32 0 41 8 15 42 18 4 24 1 38 37 11 46 45 10
2 15 4 19 13 26 40 47 7 24 22 16 25 11 20 31 46 35 0 49 36 43 39 41 8 48 27 17 6 10 45 3 23 28 34 33 32 14 12 21 42 5 18 44 37 30 38 1 29 9
17 28 22 44 29 46 38 45 5 35 9 34 6 41 15 7 14 21 31 12 49 39 10 48 25 2 32 16 13 3 36 42 26 37 24 0 4 40 47 11 33 20 30 19 43 1 8 27 18 23
42 2 47 0 5 35 33 38 39 31 29 15 23 9 10 13 48 34 22 25 24 49 14 7 1 30 40 43 4 45 6 19 20 46 36 27 41 8 32 3 28 17 12 37 21 11 18 26 16 44
